[38.160713]
[36.12958]
[26.292204]
[14.774081]
[23.8616]
[75.82442]
[48.84154]
[30.835348]
[32.69916]
[36.439564]
[59.10408]
[17.120462]
[39.417103]
[45.74219]
[11.83229]
[32.355354]
[61.607994]
[39.596256]
[13.141023]
[12.55771]
[40.633747]
[42.95725]
[34.084877]
[13.0192795]
[41.393803]
[13.070596]
[15.012273]
[39.950787]
[38.08211]
[44.816776]
[40.230938]
[48.621124]
[63.305805]
[38.761852]
[72.652596]
[62.96342]
[63.724728]
[60.736584]
[16.699183]
[23.047495]
[57.56372]
[39.584156]
[38.524094]
[39.497974]
[59.34968]
[40.653015]
[48.82539]
[41.76038]
[51.70577]
[38.760014]
[54.059826]
[44.31432]
[54.855503]
[72.38268]
[58.879696]
[64.95368]
[32.107864]
[41.38902]
[38.10754]
[39.510426]
[45.136585]
[64.92174]
[66.890434]
[48.65002]
[57.259605]
[12.580131]
[47.942745]
[35.934563]
[70.85744]
[32.448494]
[11.928119]
[30.180277]
[23.368439]
[20.816946]
[20.772581]
[29.862665]
[40.36973]
[61.187275]
[43.21107]
[40.49866]
[56.884563]
[19.844263]
[28.750603]
[43.27062]
[38.696785]
[46.81145]
[46.274364]
[37.591854]
[34.118866]
[37.87694]
[25.98919]
[29.085417]
[60.78716]
[17.595457]
[36.88412]
[33.35036]
[47.98917]
[56.879242]
[14.587444]
[51.18426]
[36.710854]
[32.827084]
[34.029427]
[52.918682]
[13.964078]
[26.09601]
[25.709955]
[52.712177]
[37.710194]
[36.644]
[65.0782]
[28.854486]
[31.984276]
[59.763012]
[34.422215]
[28.389307]
[60.288372]
[30.921467]
[55.741116]
[25.16114]
[34.559685]
[20.820547]
[30.65351]
[44.301823]
[37.567112]
[36.056206]
[38.51938]
[47.95077]
[37.843258]
[36.838997]
[32.50759]
[38.290768]
[42.288532]
[25.759771]
[37.76765]
[47.73995]
[35.796337]
[68.25226]
[51.412235]
[14.1577215]
[14.740274]
[25.292456]
[50.910244]
[49.736767]
[83.2324]
[19.160212]
[51.240005]
[35.2015]
[32.720604]
[22.693224]
[39.936977]
[48.380493]
[21.62417]
[38.273407]
[24.480995]
[25.174072]
[29.976603]
[14.873272]
[46.6206]
[50.359627]
[43.59026]
[32.872]
[61.411934]
[71.389626]
[26.47098]
[44.095253]
[27.779068]
[60.659283]
[55.559814]
[59.430725]
[30.087332]
[38.153904]
[40.380657]
[31.34416]
[64.38559]
[49.59173]
[48.84096]
[39.581577]
[24.584301]
[43.63667]
[50.509563]
[43.227757]
[33.512215]
[47.965816]
[47.90385]
[28.616785]
[56.603283]
[65.741486]
[36.064823]
[44.74612]
[41.295883]
[30.82424]
[27.803253]
[54.952847]
[25.338118]
[56.0705]
[39.89574]
[49.95266]
[11.290494]
[40.345085]
[38.173992]
[39.43635]
[36.616795]
[56.862514]
[33.329807]
[29.257383]
[37.92269]
[24.945993]
[79.40651]
[26.186262]
[42.36654]
[70.38329]
[72.00006]
[24.1994]
[36.349598]
[36.7749]
[26.912973]
[47.87272]
[57.199368]
[34.25385]
[70.00508]
[14.006066]
[30.667845]
[46.97497]
[36.440006]
[35.617313]
[47.736126]
[52.41801]
[47.044006]
[32.44256]
[53.42667]
[37.098537]
[67.82121]
[15.902092]
[30.391903]
[41.804916]
[25.90839]
[58.13078]
[76.63495]
[39.890354]
[29.14771]
[48.389606]
[37.545498]
[60.07919]
[12.843281]
[13.46565]
[24.419683]
[47.470924]
[29.074717]
[46.260387]
[39.900875]
[37.20651]
[25.526995]
[67.02185]
[44.9854]
[45.446568]
[59.740498]
[40.517624]
[31.869862]
[11.798393]
[41.973293]
[31.886072]
[37.06741]
[35.747974]
[46.943687]
[33.778206]
[47.713963]
[49.386906]
[24.687403]
[15.254104]
[32.75931]
[50.201313]
[49.11948]
[22.033108]
[29.071192]
[13.024139]
[30.487738]
[78.682556]
[57.570057]
[42.311417]
[52.16763]
[13.593963]
[46.254154]
[38.156425]
[38.45359]
[68.31581]
[52.342747]
[37.790234]
[30.787575]
[46.756733]
[15.613448]
[48.019497]
[22.187304]
[58.18559]
[52.944187]
[42.55158]
[13.183322]
[16.769777]
[68.35915]
[43.46451]
[37.216396]
[43.124123]
[19.484976]
[28.5223]
[43.151844]
[66.209885]
[38.03714]
[12.667487]
[44.5411]
[36.22679]
[66.16705]
[79.84573]
[12.925328]
[47.22548]
[27.56312]
[24.88718]
[59.98203]
[54.41045]
[42.55173]
[12.921568]
[48.372234]
[53.078465]
[36.641865]
[36.32029]
[46.731625]
[38.158497]
[68.37146]
[24.925646]
[48.375744]
[52.408726]
[69.192856]
[36.549625]
[64.65199]
[13.411841]
[63.257248]
[54.80229]
[50.639103]
[33.54465]
[24.351788]
[36.75992]
[12.370151]
[13.489089]
[56.492428]
[51.479073]
[35.86065]
[80.19484]
[62.37766]
[12.922367]
[63.678417]
[50.868385]
[35.049664]
[17.800661]
[39.152355]
[67.51316]
[34.671047]
[35.127926]
[27.005484]
[27.970304]
[51.869663]
[30.857645]
[67.3786]
[68.658516]
[40.600605]
[44.289803]
[62.208744]
[42.893467]
[71.99466]
[13.373813]
[33.376247]
[21.608564]
[33.135067]
[33.480106]
[38.55217]
[80.51634]
[38.72298]
[53.036686]
[68.67139]
[24.737867]
[37.64124]
[40.1952]
[34.538292]
[48.400333]
[67.38119]
[64.589966]
[35.57044]
[37.02339]
[44.813496]
[49.165203]
[68.018]
[26.392714]
[11.51784]
[14.018266]
[30.253386]
[37.899216]
[40.21179]
[27.430586]
[67.58623]
[35.884396]
[32.22402]
[23.343332]
[27.92198]
[26.207844]
[83.24513]
[44.1133]
[17.736395]
[24.654955]
[52.857143]
[44.112602]
[63.086254]
[78.06888]
[64.29523]
[44.44682]
[38.740597]
[28.860243]
[44.19487]
[26.115465]
[65.74689]
[28.91015]
[65.19047]
[35.700085]
[26.208805]
[43.526134]
[37.432426]
[51.63553]
[14.094056]
[76.79523]
[57.28803]
[25.076124]
[36.234844]
[24.352268]
[24.896345]
[24.084059]
[47.562187]
[26.560972]
[46.129646]
[36.58805]
[45.940304]
[51.10521]
[21.818254]
[41.408443]
[74.38533]
[43.641804]
[33.66667]
[25.058128]
[54.746967]
[29.342632]
[42.832447]
[43.035748]
[46.359623]
[52.497166]
[60.55621]
[29.254038]
[67.27472]
[49.632652]
[43.299297]
[42.16505]
[32.820602]
[12.649005]
[66.58264]
[68.236275]
[20.761961]
[62.0872]
[50.65154]
[26.870775]
[37.75143]
[30.39444]
[28.35907]
[28.672297]
[42.177456]
[13.8180685]
[42.438942]
[31.572582]
[44.439484]
[41.70832]
[16.67287]
[45.979122]
[33.55997]
[55.527676]
[34.833138]
[24.042828]
[42.679623]
[23.010473]
[30.53148]
[16.656797]
[26.684954]
[13.990375]
[48.56045]
[13.261601]
[57.45438]
[45.570515]
[38.929504]
[46.80672]
[19.440855]
[44.597317]
[51.36843]
[61.816082]
[26.508627]
[40.579773]
[56.966537]
[36.191776]
[57.52231]
[50.24194]
[20.716398]
[73.010925]
[59.673195]
[41.771793]
[34.034588]
[49.51617]
[44.552826]
[42.37212]
[38.35958]
[54.647713]
[54.64722]
[34.704018]
[47.443794]
[46.675354]
[34.98624]
[57.755344]
[41.503757]
[51.39583]
[51.074215]
[43.69901]
[38.2398]
[12.039732]
[52.376072]
[40.169758]
[48.270176]
[31.472233]
[69.41402]
[46.798424]
[40.0089]
[21.952885]
[59.191006]
[33.119923]
[39.0098]
[25.414238]
[21.567232]
[24.152636]
[40.0806]
[75.90685]
[44.18192]
[16.924105]
[54.145947]
[13.435879]
[27.037321]
[42.75188]
[48.785915]
[52.33167]
[59.751385]
[37.83292]
[11.898221]
[57.095776]
[28.582281]
[30.831797]
[38.90974]
[47.28413]
[36.672028]
[44.12741]
[62.34251]
[46.74244]
[33.841526]
[46.081783]
[53.154835]
[23.52984]
[31.31399]
[33.092213]
[38.947056]
[54.042583]
[44.39059]
[16.14422]
[20.004107]
[16.83083]
[38.918182]
[47.124893]
[25.425089]
[13.265801]
[37.14355]
[74.550476]
[12.688504]
[12.313414]
[38.679356]
[69.72496]
[66.65556]
[59.633293]
[42.05101]
[25.553377]
[30.075762]
[38.83945]
[40.751163]
[79.16183]
[47.506634]
[48.642506]
[70.0941]
[48.608845]
[22.730946]
[38.475216]
[49.587162]
[52.424828]
[15.158039]
[38.198593]
[23.010996]
[40.82043]
[26.35172]
[58.652122]
[51.047237]
[13.876636]
[34.0093]
[38.24093]
[71.65602]
[12.131487]
[38.99873]
[34.25507]
[27.86014]
[40.48199]
[42.463028]
[41.779316]
[48.74698]
[25.094305]
[40.5425]
[34.918545]
[14.712057]
[44.652153]
[24.0106]
[60.066845]
[26.114897]
[25.134886]
[32.059444]
[42.196667]
[12.516833]
[19.124365]
[28.064344]
[38.428623]
[26.978352]
[45.058582]
[49.262615]
[46.567226]
[50.200916]
[43.654648]
[41.459297]
[66.62672]
[39.92812]
[24.70899]
[45.557125]
[59.58578]
[54.96112]
[29.006813]
[34.89821]
[66.71089]
[23.221945]
[58.923836]
[49.35971]
[27.073847]
[40.82733]
[25.45998]
[51.36948]
[35.47311]
[18.835037]
[46.237934]
[39.893436]
[36.936295]
[42.212708]
[24.261723]
[53.237232]
[34.36031]
[19.03015]
[28.7545]
[51.0556]
[30.125336]
[67.8165]
[45.98621]
[38.038265]
[37.357365]
[40.473286]
[13.675685]
[26.514105]
[30.998983]
[48.879513]
[30.669588]
[32.736645]
[35.337128]
[14.368723]
[53.23914]
[28.312366]
[29.212389]
[12.6578]
[41.79816]
[44.781982]
[59.130432]
[60.174587]
[59.852932]
[73.26078]
[37.163437]
[12.217029]
[63.30145]
[55.79006]
[38.144695]
[40.030987]
[58.994354]
[17.197205]
[17.048998]
[50.847157]
[61.53087]
[60.43785]
[32.93709]
[22.594717]
[39.16061]
[36.461887]
[45.42475]
[39.19787]
[51.97291]
[39.402683]
[41.172577]
[41.034557]
[33.747425]
[59.579784]
[24.46757]
[53.953083]
[17.091225]
[30.733446]
[34.166218]
[72.11054]
[25.010233]
[72.20845]
[33.669544]
[48.34763]
[39.812634]
[45.93861]
[13.838248]
[36.091248]
[46.612385]
[50.465496]
[35.11124]
[33.129726]
[24.726194]
[57.468037]
[61.53246]
[38.684906]
[45.290966]
[43.596928]
[21.410616]
[14.549492]
[60.618996]
[59.6303]
[58.504288]
[38.409492]
[59.22059]
[24.140646]
[47.62726]
[32.120075]
[54.905323]
[47.72994]
[30.61537]
[33.047283]
[45.45824]
[38.548492]
[51.35574]
[34.585785]
[29.363367]
[42.44495]
[34.492214]
[45.380566]
[43.694134]
[73.880165]
[43.995632]
[54.192593]
[58.84749]
[29.847204]
[8.404782]
[30.110012]
[37.864407]
[18.456993]
[58.794582]
[52.14242]
[44.74449]
[49.0791]
[24.430746]
[41.51621]
[29.387058]
[48.457428]
[47.96555]
[53.473347]
[38.13211]
[44.275974]
[42.062813]
[21.093279]
[65.75113]
[30.28436]
[33.54033]
[68.14179]
[38.62636]
[25.27486]
[48.915688]
[35.209915]
[13.46132]
[37.93894]
[15.538583]
[19.699392]
[56.002327]
[32.107067]
[13.619462]
[45.479053]
[41.070408]
[43.58729]
[33.90869]
[47.081738]
[53.99925]
[46.937504]
[29.373352]
[22.792162]
[43.041992]
[35.670906]
[32.063244]
[30.237848]
[12.8028]
[12.001172]
[27.4489]
[64.505844]
[54.79408]
[33.702362]
[44.351818]
[38.632305]
[43.965008]
[35.188507]
[14.2933655]
[18.205688]
[34.77279]
[23.998083]
[55.563297]
[25.803938]
[40.86391]
[54.122135]
[44.033283]
[38.34865]
[27.208792]
[52.23084]
[40.954388]
[25.57394]
[25.857222]
[73.250145]
[45.484196]
[28.826315]
[47.178288]
[68.7369]
[49.058598]
[39.79086]
[40.786213]
[53.718513]
[62.27235]
[63.54645]
[53.73718]
[40.59308]
[36.89873]
[12.969451]
[50.61755]
[27.31801]
[44.31123]
[12.44024]
[62.50739]
[33.924084]
[28.22753]
[46.33812]
[72.37626]
[26.778505]
[70.47797]
[50.18166]
[64.67995]
[50.875347]
[18.45244]
[14.535408]
[45.20012]
[48.895992]
[54.54675]
[60.18202]
[33.850357]
[40.858456]
[39.6111]
[34.13338]
[32.61295]
[62.73868]
[42.917065]
[51.5698]
[31.427748]
[29.196695]
[58.229397]
[44.14]
[44.81701]
[48.28656]
[26.178173]
[57.110798]
[48.113167]
[25.738462]
[45.308807]
[27.41554]
[77.688774]
[31.54919]
[35.965706]
[40.88722]
[75.818214]
[51.05241]
[42.31251]
[60.89094]
[40.59405]
[73.7789]
[49.30234]
[71.64438]
[49.39737]
[53.72141]
[21.262276]
[55.064564]
[64.71384]
[64.490005]
[38.233746]
[60.869747]
[37.200718]
[12.875078]
[50.971912]
[54.15556]
[37.67437]
[53.84367]
[40.32709]
[39.565144]
[42.952713]
[51.464645]
[65.99699]
[31.816664]
[45.31297]
[40.86141]
[24.305475]
[29.685482]
[63.951714]
[32.95648]
[73.723724]
[45.02892]
[41.237644]
[30.848154]
[13.021701]
[64.52867]
[54.604374]
[28.766653]
[30.167746]
[38.642685]
[67.74584]
[35.409924]
[50.6385]
[53.854046]
[68.40502]
[46.634792]
[51.788357]
[28.616337]
[32.86114]
[36.674076]
[69.575264]
[13.776919]
[80.4382]
[21.802221]
[58.678368]
[24.493567]
[83.003]
[57.369823]
[41.644695]
[38.776417]
[39.291714]
[50.487087]
[44.473484]
[64.8672]
[40.170322]
[39.15752]
[40.072033]
[31.710936]
[50.041904]
[63.826748]
[51.209465]
[44.033287]
[13.186711]
[32.28083]
[25.972239]
[29.823286]
[68.14642]
[45.466946]
[46.56237]
[44.689487]
[50.446705]
[38.292652]
[39.867466]
[32.163387]
[48.243896]
[48.179623]
[41.02291]
[32.654118]
[33.070683]
[52.12851]
[47.93544]
[57.93342]
[14.935412]
[40.35266]
[52.92965]
[37.33572]
[40.1322]
[68.65717]
[21.45315]
[40.42055]
[47.009457]
[38.75908]
[27.94756]
[36.354122]
[37.759335]
[38.702824]
[48.39237]
[29.975021]
[54.675747]
[41.57644]
[43.476116]
[64.09369]
[38.441875]
[13.462851]
[62.726665]
[43.643185]
[14.387905]
[69.92459]
[33.057518]
[45.137825]
[37.508274]
[42.82208]
[48.87353]
[52.298695]
[38.35545]
[40.777958]
[24.976227]
[40.38491]
[42.079956]
[69.92627]
[27.289705]
[38.9566]
[31.97186]
[33.230923]
[60.27676]
[35.92912]
[48.375805]
[45.953728]
[25.253428]
[69.46002]
[38.879086]
[85.54263]
[36.388527]
[61.741817]
[41.059788]
[29.517721]
[67.914604]
[24.552042]
[13.24974]
[13.618131]
[35.95393]
[12.036705]
[25.499144]
[64.5719]
[49.232327]
[74.27687]
[31.446629]
[33.7008]
[47.830753]
[46.314312]
[28.239725]
[70.9379]
[26.378395]
[48.54832]
[57.12585]
[39.899624]
[73.58447]
[47.678272]
[38.877407]
[14.166709]
[48.19071]
[13.024436]
[12.461595]
[44.950615]
[24.74325]
[26.048712]
[60.899418]
[35.78767]
[66.700836]
[63.60253]
[36.080128]
[32.50183]
[61.304077]
[40.57379]
[45.33119]
[36.077515]
[22.245886]
[12.950928]
[16.55034]
[59.554558]
[22.199247]
[40.79797]
[38.377975]
[43.034344]
[46.450237]
[63.674423]
[55.85471]
[70.16128]
[24.396147]
[31.127018]
[35.57499]
[40.872665]
[13.700866]
[31.581816]
[56.958057]
[27.66208]
[52.27827]
[17.921484]
[26.385645]
[53.504692]
[43.90245]
[61.127712]
[25.518785]
[25.239477]
[27.718153]
[42.720295]
[42.50613]
[58.435074]
[39.853397]
[71.54898]
[36.964626]
[38.198128]
[25.279596]
[26.220903]
[37.48399]
[24.397692]
[29.170311]
[54.455708]
[24.213558]
[32.343784]
[41.77995]
[59.191067]
[37.347004]
[46.99917]
[35.64197]
[40.274815]
[15.172078]
[75.310295]
[33.14623]
[55.908947]
[39.691593]
[19.590284]
[36.147694]
[29.718706]
[53.039143]
[53.71849]
[41.430798]
[13.478623]
[13.023013]
[44.048298]
[60.354507]
[26.517412]
[51.308895]
[29.086254]
[49.37396]
[42.86716]
[18.461042]
[61.6039]
[44.175236]
[36.99045]
[36.095245]
[34.390034]
[41.732067]
[37.84844]
[26.536058]
[47.558678]
[33.033535]
[28.34472]
[47.338444]
[56.89063]
[31.065336]
[44.87528]
[44.258568]
[30.30413]
[37.327232]
[33.13122]
[50.69048]
[36.64434]
[55.198055]
[41.603504]
[71.81621]
[51.680176]
[64.21955]
[59.11922]
[32.149517]
[26.484137]
[40.811077]
[26.722986]
[72.14316]
[19.833872]
[27.66601]
[49.728416]
[45.391994]
[72.26881]
[52.67778]
[46.368835]
[33.01088]
[22.809504]
[16.531187]
[54.496456]
[45.281204]
[43.703857]
[29.049238]
[25.318146]
[25.76903]
[28.127188]
[21.042362]
[25.774693]
[51.195698]
[62.380684]
[30.313457]
[61.986618]
[52.275692]
[67.95328]
[24.13883]
[29.526379]
[13.413474]
[31.411451]
[53.829334]
[56.22797]
[25.778063]
[29.483747]
[28.372591]
[53.84824]
[70.136986]
[28.770483]
[70.33815]
[37.9957]
[44.121326]
[37.578526]
[63.221756]
[53.398357]
[68.66685]
[33.26579]
[14.105334]
[67.33031]
[42.65951]
[13.727317]
[38.794697]
[35.041977]
[64.15447]
[45.819027]
[13.960341]
[33.211964]
[21.531271]
[55.598278]
[39.884487]
[40.33295]
[39.14773]
[53.230137]
[44.763374]
[14.241714]
[42.89536]
[35.20795]
[24.04236]
[53.547256]
[55.80115]
[52.341034]
[11.379682]
[53.080975]
[47.708637]
[52.56351]
[40.800793]
[40.58768]
[36.033737]
[48.521095]
[34.706818]
[38.50101]
[31.134493]
[28.136831]
[24.290247]
[34.407124]
[34.411896]
[52.574123]
[76.72778]
[40.419098]
[31.240273]
[25.30792]
[12.572989]
[39.131046]
[27.968447]
[43.471798]
[47.029385]
[47.982174]
[45.582294]
[46.369236]
[68.96747]
[39.786198]
[30.968338]
[31.66336]
[26.972105]
[39.742496]
[45.47696]
[13.169145]
[38.632877]
[53.01737]
[38.87044]
[43.223286]
[45.432056]
[41.889088]
[40.94392]
[31.813526]
[49.783993]
[69.510185]
[35.9195]
[30.777884]
[32.291153]
[13.747471]
[13.117676]
[37.86893]
[40.877155]
[27.084654]
[32.4455]
[37.658443]
[40.96475]
[68.479095]
[44.37241]
[28.454464]
[12.340341]
[39.12086]
[66.29738]
[60.138783]
[37.49152]
[39.473557]
[45.66261]
[45.750534]
[61.580517]
[38.881733]
[44.564686]
[66.5414]
[27.699684]
[30.09301]
[28.230413]
[32.884705]
[37.527298]
[42.809757]
[50.238636]
[15.207934]
[64.162285]
[35.573048]
[32.544727]
[43.03204]
[38.468132]
[19.005434]
[39.76487]
[26.318476]
[24.115755]
[51.122925]
[38.24013]
[50.740376]
[40.25931]
[41.64407]
[28.682901]
[60.41079]
[42.32459]
[43.12104]
[46.96885]
[44.949]
[46.803913]
[40.141857]
[25.95339]
[22.715847]
[22.035025]
[67.54742]
[48.22217]
[40.744984]
[70.363075]
[49.112827]
[53.212685]
[28.914843]
[34.35506]
[54.94606]
[45.683514]
[31.093664]
[27.685495]
[61.83469]
[24.7428]
[38.510838]
[36.221024]
[25.317154]
[41.72904]
[50.494778]
[50.715572]
[31.602705]
[83.744194]
[38.43197]
[30.060207]
[50.859554]
[62.195583]
[14.522669]
[55.33292]
[40.284092]
[37.701344]
[28.737993]
[28.081488]
[64.41751]
[27.07136]
[12.907731]
[36.50665]
[66.9286]
[39.547947]
[34.99111]
[36.651882]
[29.243803]
[35.66451]
[44.80595]
[34.761536]
[47.641193]
[36.1723]
[49.857174]
[59.527435]
[45.909267]
[50.55476]
[47.225697]
[39.800194]
[20.226473]
[45.975742]
[31.89997]
[40.1985]
[43.89755]
[24.430552]
[60.897747]
[36.033703]
[29.577976]
[43.65016]
[18.810698]
[45.47989]
[44.025623]
[46.857265]
[48.435585]
[36.265526]
[25.606085]
[38.090466]
[70.12711]
[70.44688]
[30.990366]
[26.493212]
[39.73483]
[42.17065]
[28.259567]
[52.15664]
[48.545452]
[68.33492]
[44.29987]
[38.76428]
[41.84139]
[29.015867]
[56.506817]
[30.300081]
[41.352024]
[65.155655]
[33.506905]
[37.548176]
[51.12101]
[47.108868]
[50.845257]
[13.053016]
[40.4148]
[38.883022]
[62.88595]
[25.353899]
[35.681793]
[12.910086]
[19.805323]
[26.657722]
[11.406838]
[50.440685]
[22.886957]
[22.566854]
[38.61787]
[27.299679]
[39.77177]
[33.62759]
[45.741665]
[61.450836]
[70.11743]
[33.143127]
[79.67177]
[25.31479]
[11.19431]
[49.969357]
[39.963875]
[53.39932]
[36.7988]
[29.855864]
[40.931286]
[43.909985]
[62.40395]
[48.989758]
[34.94715]
[38.37165]
[48.410892]
[40.172417]
[27.447405]
[80.368484]
[51.06473]
[41.677406]
[35.34436]
[32.822445]
[48.527126]
[68.80136]
[49.317265]
[60.41394]
[66.26857]
[27.543955]
[45.038708]
[69.6811]
[47.813236]
[29.447298]
[25.653334]
[35.48472]
[41.330215]
[39.75026]
[41.69218]
[70.873505]
[72.39195]
[30.83761]
[70.30166]
[30.324442]
[63.020996]
[17.709074]
[46.90238]
[38.450058]
[12.273751]
[45.020416]
[24.848902]
[43.012157]
[40.185978]
[39.44135]
[62.598988]
[31.897955]
[74.18029]
[41.78613]
[53.971317]
[67.84783]
[14.735618]
[30.57398]
[46.713387]
[41.451485]
[43.606842]
[32.509907]
[40.404713]
[53.19268]
[51.408627]
[43.344757]
[23.768744]
[13.774629]
[12.554865]
[59.110622]
[57.973534]
[46.68839]
[28.05895]
[34.684826]
[38.91264]
[53.263496]
[43.385544]
[36.684387]
[51.34557]
[14.457673]
[61.123123]
[31.638376]
[42.105625]
[35.63574]
[74.671974]
[53.480217]
[43.37458]
[25.595861]
[48.470493]
[32.969643]
[79.80385]
[15.320989]
[34.758793]
[23.848385]
[12.216571]
[36.99976]
[20.08822]
[34.693584]
[28.901793]
[51.558105]
[57.03518]
[29.435701]
[62.68983]
[53.990612]
[27.471088]
[42.61602]
[40.35702]
[77.79653]
[70.13349]
[51.07062]
[12.654241]
[37.977287]
[38.51593]
[24.05109]
[23.388407]
[39.009464]
[37.97429]
[26.599272]
[28.553635]
[65.14984]
[46.91698]
[40.136326]
[43.73901]
[64.9301]
[46.59289]
[25.461657]
[39.06985]
[17.072933]
[57.279617]
[41.73271]
[28.760515]
[67.79666]
[38.65829]
[30.147276]
[33.53923]
[48.013416]
[60.26173]
[52.513454]
[45.60647]
[46.45986]
[19.489529]
[64.01337]
[67.91175]
[54.216496]
[21.084135]
[12.879915]
[66.134315]
[29.440695]
[18.457344]
[67.21909]
[48.194828]
[43.823494]
[36.35499]
[37.838917]
[46.47696]
[58.0341]
[35.338833]
[48.85561]
[62.0892]
[46.515728]
[26.017775]
[25.130655]
[34.132977]
[39.874855]
[38.99696]
[31.005625]
[45.233185]
[39.516224]
[69.33942]
[69.23233]
[62.90141]
[25.74772]
[35.88998]
[39.908207]
[40.363384]
[48.757298]
[54.94027]
[38.734634]
[50.331287]
[22.688082]
[25.248844]
[48.44193]
[33.515385]
[36.90004]
[44.07633]
[25.283731]
[26.713278]
[60.46942]
[35.39804]
[40.49929]
[35.192097]
[12.28191]
[39.1565]
[15.690487]
[42.294533]
[85.80754]
[24.641783]
[48.88106]
[48.743183]
[39.61097]
[39.619526]
[24.371645]
[13.088897]
[39.312183]
[30.855736]
[28.999302]
[45.80109]
[48.287716]
[48.231884]
[36.41097]
[31.843945]
[37.766003]
[26.028154]
[36.43241]
[42.229465]
[13.0294485]
[40.900826]
[34.4913]
[37.44445]
[26.644592]
[18.842115]
[45.222477]
[62.798275]
[65.178375]
[45.48416]
[65.65199]
[34.698757]
[55.312313]
[40.795704]
[47.48109]
[12.431554]
[48.53671]
[51.67037]
[35.336643]
[33.543156]
[34.60958]
[55.424995]
[57.02556]
[14.412827]
[40.111332]
[33.73318]
[82.69458]
[61.419415]
[70.04146]
[42.597366]
[41.158443]
[44.017506]
[39.85474]
[44.89156]
[24.365063]
[28.197687]
[35.292946]
[31.645723]
[24.73831]
[14.354504]
[65.83125]
[24.50081]
[42.934948]
[32.96622]
[42.1564]
[17.605824]
[50.929928]
[49.495487]
[36.072212]
[42.637077]
[36.746365]
[35.743]
[25.886751]
[49.547997]
[58.831234]
[13.456629]
[45.321125]
[55.85391]
[49.90259]
[38.28297]
[55.481007]
[83.498856]
[23.105358]
[59.190754]
[40.60405]
[66.19136]
[25.44345]
[14.956908]
[86.38147]
[40.67848]
[34.277313]
[12.502558]
[13.459985]
[25.642862]
[45.991215]
[36.58149]
[44.76249]
[42.145435]
[34.900192]
[41.704945]
[41.525753]
[39.68761]
[13.45194]
[39.50471]
[42.083572]
[23.071173]
[14.551513]
[56.622116]
[34.824963]
[57.496067]
[50.745716]
[36.01703]
[24.065254]
[47.995007]
[73.02309]
[52.640068]
[64.97786]
[30.061922]
[69.64671]
[53.393436]
[72.49727]
[42.56074]
[38.36868]
[43.978943]
[41.13211]
[33.026352]
[44.432518]
[26.5314]
[13.2336]
[60.211727]
[73.58954]
[67.26895]
[22.499947]
[52.47023]
[37.2358]
[36.89893]
[56.701096]
[13.57344]
[38.309612]
[41.127106]
[19.562761]
[13.774009]
[68.204155]
[60.565517]
[33.2348]
[46.56409]
[51.24245]
[62.797855]
[34.377224]
[12.880097]
[41.563698]
[53.547405]
[59.75812]
[36.403053]
[61.14482]
[41.558895]
[38.694202]
[57.49751]
[36.044353]
[57.943665]
[28.355867]
[66.41431]
[55.493237]
[33.576435]
[28.235233]
[35.0827]
[35.74434]
[46.15385]
[23.6388]
[42.317005]
[42.179657]
[24.548388]
[54.878994]
[73.90677]
[64.53435]
[27.661238]
[13.523356]
[28.961199]
[27.360472]
[24.857958]
[52.85205]
[27.71307]
[54.884865]
[31.843351]
[55.607204]
[46.071186]
[33.17405]
[19.205694]
[30.628653]
[14.786027]
[54.867676]
[55.085472]
[35.767723]
[66.03026]
[20.731043]
[39.749813]
[41.063053]
[36.97138]
[27.99158]
[40.373898]
[40.801895]
[41.13027]
[50.087334]
[44.32002]
[39.437984]
[26.167486]
[37.62371]
[33.194183]
[40.608475]
[57.03108]
[38.62129]
[34.722816]
[12.412886]
[37.12334]
[25.061323]
[36.63133]
[40.249706]
[32.175346]
[39.796967]
[41.89204]
[20.439909]
[51.257626]
[27.252207]
[48.350163]
[37.310192]
[69.158035]
[19.924978]
[54.9558]
[49.39822]
[48.336613]
[20.335508]
[43.45571]
[38.629673]
[14.424327]
[57.542362]
[48.735714]
[30.61658]
[22.064945]
[46.9151]
[12.900889]
[67.05438]
[54.31852]
[53.952164]
[45.753746]
[39.59161]
[44.922733]
[53.46917]
[28.348127]
[24.971718]
[71.037476]
[12.3765135]
[36.13274]
[26.952757]
[45.010204]
[58.521076]
[75.263336]
[32.55702]
[68.69495]
[28.806269]
[69.75433]
[55.980328]
[55.40878]
[84.82988]
[43.03916]
[65.04309]
[47.840748]
[64.57945]
[47.041397]
[50.95941]
[50.05758]
[26.669897]
[63.281544]
[53.683376]
[46.039585]
[35.64093]
[42.773083]
[33.076305]
[39.740215]
[12.051826]
[49.33417]
[35.556217]
[22.857265]
[45.47746]
[62.038174]
[67.7166]
[40.43961]
[13.334868]
[45.310253]
[32.58302]
[62.66119]
[25.284616]
[51.303677]
[37.577328]
[81.0112]
[38.141098]
[23.750296]
[12.915956]
[30.106714]
[43.277283]
[42.013325]
[43.099506]
[15.888437]
[63.24399]
[52.35295]
[35.551205]
[32.31089]
[44.13543]
[29.786201]
[44.62978]
[42.878845]
[23.866323]
[53.45165]
[22.768026]
[44.220768]
[60.542755]
[61.52516]
[14.994037]
[41.16951]
[38.347492]
[12.765808]
[16.92969]
[26.862665]
[39.12025]
[37.744606]
[49.423084]
[20.431509]
[22.85175]
[39.802288]
[59.926006]
[71.77349]
[23.23724]
[39.192123]
[31.689077]
[19.205854]
[42.68423]
[19.448452]
[25.997316]
[29.32706]
[44.976875]
[39.55988]
[52.645145]
[60.438953]
[42.040966]
[63.506283]
[38.499454]
[69.443146]
[16.07793]
[48.275]
[28.457323]
[56.682148]
[30.24437]
[55.729633]
[26.904308]
[46.485256]
[22.556738]
[15.844449]
[45.921875]
[39.26519]
[72.46405]
[29.158163]
[65.14136]
[69.13072]
[38.95339]
[51.965305]
[13.090286]
[50.663258]
[24.581345]
[39.48875]
[51.06415]
[27.340736]
[62.221233]
[12.402034]
[43.791553]
[46.591927]
[66.67858]
[39.314495]
[25.667616]
[13.159827]
[14.586916]
[39.575024]
[46.941586]
[47.877735]
[44.42803]
[30.544977]
[15.505919]
[40.083263]
[35.900753]
[62.435562]
[55.303932]
[38.33863]
[40.881306]
[8.570246]
[28.91708]
[44.463932]
[46.92928]
[45.782997]
[29.039576]
[49.425396]
[29.452703]
[24.813393]
[15.490678]
[33.93073]
[31.076582]
[37.531776]
[43.118343]
[47.030838]
[18.969862]
[26.732975]
[59.976192]
[55.322407]
[55.347942]
[29.448668]
[25.762583]
[12.523002]
[13.013354]
[14.871605]
[65.07378]
[47.989048]
[56.869656]
[39.13644]
[41.911915]
[28.315647]
[25.295816]
[41.76467]
[48.035225]
[13.069361]
[47.026592]
[13.472365]
[35.639088]
[38.72039]
[39.19096]
[38.26389]
[65.31403]
[46.041798]
[12.375545]
[49.16537]
[25.047146]
[39.402958]
[59.566364]
[48.779636]
[26.569218]
[26.852463]
[50.88418]
[40.064175]
[37.32928]
[37.952]
[57.94293]
[53.72096]
[24.493555]
[40.41315]
[53.414722]
[45.276814]
[46.581226]
[71.0768]
[53.547806]
[13.469496]
[59.799995]
[30.499186]
[51.151802]
[36.75828]
[25.446747]
[49.289944]
[34.593452]
[70.06644]
[23.703835]
[28.426989]
[52.1305]
[38.39331]
[66.226944]
[36.145702]
[29.430416]
[36.466866]
[28.353075]
[26.934053]
[55.583004]
[31.013058]
[29.734749]
[23.642862]
[43.83163]
[24.501328]
[57.6576]
[72.8087]
[50.86246]
[38.491734]
[83.40731]
[53.540424]
[53.312313]
[58.477554]
[42.20731]
[44.66047]
[43.447433]
[29.2362]
[27.942015]
[49.5048]
[39.95088]
[39.966816]
[36.952007]
[37.733913]
[42.351566]
[33.60929]
[39.607533]
[40.995525]
[28.745962]
[63.65144]
[29.532751]
[24.195684]
[45.43594]
[25.936934]
[49.23573]
[29.213007]
[32.136486]
[83.37355]
[58.151546]
[25.622107]
[39.464962]
[12.315221]
[68.13377]
[60.604107]
[33.189713]
[45.52252]
[67.7319]
[30.533167]
[76.48941]
[46.864166]
[37.65398]
[38.22131]
[14.316089]
[37.1787]
[60.29595]
[56.272526]
[40.802517]
[39.969055]
[39.306423]
[41.47763]
[28.702196]
[15.223943]
[24.127394]
[33.741844]
[52.69637]
[66.403534]
[13.285216]
[39.89578]
[22.953783]
[51.30602]
[48.7503]
[38.208633]
[35.6111]
[36.805298]
[46.907333]
[44.127937]
[52.49551]
[54.777546]
[48.93236]
[49.866947]
[40.192753]
[31.945482]
[28.791357]
[24.241812]
[86.42876]
[42.37467]
[41.192474]
[41.55709]
[25.105795]
[47.622784]
[82.638504]
[41.382015]
[35.414455]
[22.99468]
[15.985988]
[68.71236]
[70.11915]
[48.810287]
[55.58991]
[51.567944]
[30.119608]
[57.666718]
[39.69186]
[42.493935]
[29.891233]
[50.041145]
[19.098879]
[59.416492]
[36.164513]
[55.132145]
[38.620693]
[76.04719]
[37.892338]
[57.063]
[39.88103]
[26.179905]
[48.218143]
[59.650986]
[29.48535]
[24.747026]
[41.858597]
[46.850525]
[39.85644]
[44.8506]
[45.48955]
[25.412497]
[70.58982]
[42.700783]
[46.14571]
[43.338806]
[58.970253]
[79.028625]
[12.839913]
[35.564342]
[42.326862]
[29.492985]
[45.459244]
[49.945827]
[61.179897]
[47.44568]
[38.22607]
[27.974768]
[8.316575]
[40.218723]
[37.848835]
[25.625723]
[36.30691]
[13.810943]
[51.200512]
[40.93664]
[17.604887]
[14.439134]
[45.639904]
[15.972161]
[49.95588]
[46.564518]
[69.67007]
[53.26501]
[47.81278]
[34.553505]
[40.415318]
[37.849796]
[26.018919]
[46.641747]
[41.580723]
[27.762442]
[62.977615]
[33.288845]
[24.073608]
[37.561886]
[66.31911]
[43.170055]
[14.494335]
[21.867369]
[28.044895]
[69.48564]
[13.337226]
[72.12181]
[52.316288]
[21.830803]
[53.420498]
[32.776222]
[48.923325]
[47.208492]
[59.339863]
[37.09773]
[52.793613]
[66.91162]
[29.608604]
[37.254044]
[46.563683]
[12.762837]
[24.096573]
[31.040358]
[26.119165]
[51.22212]
[31.122562]
[12.886401]
[47.668636]
[59.95931]
[64.97547]
[36.12811]
[75.2218]
[38.142017]
[29.323675]
[30.570122]
[51.52437]
[69.41018]
[25.850939]
[63.67777]
[32.064743]
[32.851322]
[38.124912]
[37.449017]
[54.943813]
[16.216013]
[49.14507]
[43.309933]
[32.35922]
[37.199146]
[42.414745]
[47.559757]
[25.270452]
[36.413586]
[13.456377]
[38.749916]
[29.500586]
[42.652115]
[15.717334]
[71.32132]
[31.291498]
[81.26308]
[40.227764]
[25.44395]
[26.456131]
[39.005344]
[67.38665]
[52.655052]
[41.82223]
[60.801918]
[38.23623]
[13.933054]
[77.62646]
[15.264117]
[25.135317]
[35.426086]
[59.725685]
[54.23325]
[13.440921]
[52.6636]
[45.81541]
[31.707407]
[42.896957]
[38.041393]
[12.850793]
[37.850822]
[53.64436]
[52.439075]
[26.957972]
[40.25327]
[35.296402]
[13.371038]
[41.647964]
[39.46032]
[27.994354]
[32.175087]
[39.923496]
[18.655977]
[49.463528]
[22.226812]
[39.603374]
[40.83357]
[53.80305]
[40.600506]
[22.377432]
[12.168534]
[47.447247]
[53.895145]
[14.694709]
[65.03787]
[35.6683]
[47.305744]
[28.339119]
[35.94623]
[38.218967]
[72.92784]
[34.78942]
[73.53497]
[40.23937]
[10.314891]
[36.545574]
[53.73306]
[74.5432]
[43.13745]
[35.731064]
[31.51714]
[46.04938]
[22.92322]
[45.946407]
[12.427175]
[39.360973]
[12.190823]
[25.080177]
[43.328987]
[39.038654]
[39.596672]
[27.734259]
[60.60497]
[68.0683]
[66.48578]
[46.573734]
[72.37154]
[38.270283]
[12.585235]
[24.079027]
[48.378803]
[39.285145]
[27.874847]
[34.71012]
[69.47496]
[16.11608]
[29.220026]
[12.8795595]
[27.226591]
[51.373875]
[48.518887]
[50.107975]
[59.947186]
[33.435253]
[21.298685]
[34.063625]
[12.6066885]
[22.613066]
[67.68935]
[65.39562]
[53.610836]
[14.09195]
[48.38158]
[28.116108]
[27.275629]
[42.538532]
[31.644333]
[14.201855]
[66.07301]
[31.582901]
[24.561764]
[31.396557]
[29.555876]
[50.53989]
[41.561558]
[59.874928]
[37.740623]
[39.12914]
[39.183475]
[48.79233]
[36.579197]
[44.284557]
[66.33252]
[39.747654]
[13.749301]
[33.49614]
[28.301723]
[37.01257]
[60.350857]
[58.501675]
[27.161642]
[34.571495]
[63.90198]
[40.602997]
[46.767963]
[24.266012]
[35.08242]
[37.154762]
[39.906982]
[37.568462]
[24.55808]
[47.1181]
[64.04337]
[37.254574]
[40.30527]
[17.761929]
[34.63468]
[54.474796]
[70.0669]
[14.239564]
[37.404236]
[40.104496]
[69.26686]
[66.74338]
[40.171227]
[25.508055]
[60.93522]
[36.934998]
[61.251705]
[53.662968]
[40.569553]
[60.88966]
[38.570736]
[31.60123]
[71.85573]
[69.635376]
[62.99145]
[46.29539]
[52.08946]
[27.875427]
[26.205465]
[33.213467]
[41.454456]
[43.498203]
[12.938659]
[25.090815]
[17.22738]
[33.78805]
[71.1241]
[42.019283]
[61.00913]
[24.789879]
[46.06223]
[34.435963]
[55.80541]
[40.1148]
[46.017933]
[62.184338]
[37.18987]
[25.164156]
[13.148763]
[27.788004]
[24.595331]
[13.569388]
[43.254414]
[29.487146]
[12.908112]
[51.5675]
[46.622105]
[26.100561]
[25.666954]
[65.86809]
[27.46506]
[55.13505]
[58.144398]
[25.58629]
[27.406658]
[27.493254]
[53.05344]
[50.844456]
[38.510715]
[74.5728]
[23.878063]
[40.049416]
[13.034604]
[43.000706]
[64.20816]
[50.888912]
[12.877059]
[28.988136]
[20.993284]
[45.054256]
[18.332352]
[12.474349]
[29.117483]
[42.518467]
[61.223385]
[45.442898]
[37.47214]
[17.335175]
[67.7932]
[41.97416]
[26.355574]
[27.717402]
[42.514202]
[65.00924]
[47.515392]
[13.412916]
[46.46375]
[12.369962]
[23.876581]
[56.829124]
[76.750114]
[38.04494]
[25.276594]
[31.023077]
[51.49483]
[51.07024]
[38.521564]
[26.649607]
[52.368137]
[57.195114]
[64.75614]
[35.324883]
[29.724215]
[39.656445]
[40.55861]
[85.12632]
[67.93395]
[40.018604]
[46.02779]
[64.051796]
[54.286312]
[72.07372]
[62.67732]
[39.766712]
[53.240864]
[28.331476]
[43.813183]
[25.790144]
[28.25952]
[38.732723]
[35.490543]
[61.616077]
[30.915068]
[61.516666]
[39.03287]
[26.122513]
[53.125244]
[12.879373]
[13.0663]
[64.59718]
[13.936622]
[50.79071]
[16.98673]
[14.506054]
[58.930477]
[43.256996]
[34.976765]
[41.645866]
[57.093456]
[48.770992]
[39.619015]
[20.021065]
[40.651066]
[48.033]
[39.166077]
[47.4816]
[13.235211]
[28.001978]
[40.798252]
[30.535273]
[35.632607]
[63.063404]
[45.22057]
[59.91585]
[33.11316]
[62.387623]
[40.0013]
[45.930935]
[36.450626]
[34.13055]
[46.17916]
[36.934055]
[45.62774]
[11.123591]
[32.32612]
[40.215668]
[25.917173]
[64.67092]
[12.846267]
[35.90031]
[33.578587]
[49.552685]
[38.77448]
[54.179943]
[28.509045]
[37.58183]
[49.23209]
[37.763218]
[28.714434]
[45.904575]
[26.979311]
[86.0159]
[45.57522]
[43.905903]
[13.224657]
[38.76852]
[36.33264]
[47.525158]
[51.501057]
[38.191326]
[62.511604]
[68.30629]
[32.065975]
[51.116108]
[61.30633]
[13.22721]
[28.76753]
[35.323]
[29.668802]
[35.45647]
[64.83466]
[33.981327]
[50.557446]
[38.910744]
[28.73647]
[17.356398]
[13.526593]
[28.019968]
[39.09738]
[35.304314]
[12.80111]
[51.17989]
[22.038462]
[60.716652]
[58.58725]
[27.982042]
[39.663437]
[12.643259]
[31.479048]
[13.447335]
[22.62472]
[27.415955]
[52.129463]
[30.921453]
[12.480428]
[46.66271]
[65.7663]
[75.94828]
[43.4174]
[36.44676]
[57.815002]
[38.526382]
[28.24817]
[28.98593]
[28.946402]
[67.04713]
[13.37111]
[34.529877]
[49.319366]
[25.526928]
[57.744682]
[33.322838]
[45.41656]
[50.043564]
[47.968384]
[31.134844]
[58.396046]
[34.28219]
[34.188534]
[31.62092]
[36.31968]
[22.956614]
[44.905926]
[14.947301]
[27.773516]
[39.026993]
[44.549206]
[36.10837]
[33.79985]
[60.36052]
[67.17435]
[35.28233]
[50.285786]
[66.340775]
[48.297253]
[40.61763]
[52.10385]
[36.060673]
[39.142433]
[69.98271]
[39.603382]
[17.552937]
[59.591877]
[39.536373]
[37.86972]
[24.949272]
[46.42874]
[57.658268]
[35.928944]
[81.36781]
[13.992183]
[31.516977]
[69.37336]
[13.349118]
[37.588676]
[12.594396]
[30.882048]
[34.951122]
[31.912985]
[16.657846]
[12.891421]
[49.325977]
[26.737383]
[44.89855]
[38.3522]
[57.7122]
[27.14544]
[34.002987]
[39.010036]
[36.62974]
[86.091095]
[63.607418]
[39.476612]
[13.572333]
[55.64958]
[24.612753]
[37.06651]
[54.699184]
[51.530277]
[38.05984]
[65.874]
[26.708298]
[39.459507]
[25.196177]
[21.703604]
[33.35432]
[40.38586]
[68.54025]
[30.969696]
[13.472848]
[44.18687]
[60.600048]
[32.129333]
[67.53529]
[61.186222]
[45.56095]
[63.234127]
[16.243885]
[49.548443]
[60.01476]
[39.964222]
[50.82532]
[69.99751]
[51.279564]
[32.668945]
[67.741196]
[24.422682]
[29.966097]
[41.56644]
[50.536114]
[16.002718]
[24.307789]
[33.619473]
[57.49801]
[63.644062]
[28.138964]
[49.542164]
[44.33628]
[13.448705]
[37.19791]
[50.382145]
[47.59282]
[31.838778]
[31.656073]
[39.015095]
[12.29088]
[58.05982]
[38.760326]
[24.608618]
[37.761814]
[42.888172]
[14.15931]
[7.539843]
[60.993305]
[52.755806]
[26.498732]
[40.91672]
[47.858578]
[45.682964]
[16.688553]
[29.207464]
[66.6535]
[37.22557]
[34.05501]
[70.60066]
[42.662956]
[24.664825]
[38.76009]
[62.827545]
[51.397697]
[38.910397]
[36.034363]
[68.633514]
[41.01253]
[33.162975]
[34.339794]
[46.17904]
[70.232445]
[64.58123]
[40.326687]
[32.89477]
[69.0135]
[11.708274]
[10.857488]
[15.767193]
[13.286638]
[28.875822]
[48.16734]
[39.614765]
[13.806386]
[40.064045]
[62.853977]
[13.508351]
[21.486773]
[28.46461]
[21.625315]
[12.857867]
[15.187221]
[47.328476]
[26.18099]
[50.306026]
[16.923048]
[39.357807]
[12.351489]
[17.967009]
[29.12911]
[13.007201]
[25.39591]
[17.430185]
[70.427704]
[59.66726]
[46.38882]
[17.884024]
[33.424007]
[48.57242]
[71.38884]
[56.223602]
[29.480404]
[40.232483]
[37.06722]
[24.990625]
[37.55282]
[43.425632]
[41.678955]
[38.732235]
[13.641915]
[40.098614]
[36.288532]
[27.944944]
[40.947823]
[52.93806]
[18.305508]
[37.77754]
[18.93566]
[48.28949]
[12.935786]
[25.799753]
[57.29406]
[55.93908]
[12.862011]
[39.028545]
[38.351875]
[33.124672]
[27.858095]
[12.266788]
[51.748444]
[13.099197]
[35.69524]
[66.4218]
[57.702984]
[55.67715]
[64.926765]
[29.924902]
[25.965416]
[46.07455]
[31.975916]
[34.836273]
[15.225448]
[68.019]
[57.15431]
[27.344347]
[67.72122]
[22.933514]
[53.692818]
[7.2458396]
[49.13338]
[72.50769]
[64.02432]
[45.877544]
[64.79158]
[84.53944]
[26.655838]
[45.46681]
[40.942165]
[50.513477]
[32.614353]
[57.62986]
[46.89322]
[60.39531]
[52.827587]
[67.668625]
[36.003674]
[39.382]
[39.341568]
[56.15379]
[46.456333]
[49.4539]
[15.494496]
[50.997295]
[27.252005]
[34.34313]
[62.167202]
[13.277578]
[86.4899]
[57.01444]
[45.856583]
[42.96851]
[48.817455]
[39.967793]
[39.568096]
[38.424786]
[30.912228]
[50.338703]
[34.92388]
[29.092178]
[39.16845]
[53.660114]
[44.12799]
[36.149193]
[32.026623]
[35.749027]
[41.845863]
[49.761913]
[34.760624]
[41.231075]
[53.805584]
[28.588903]
[31.675097]
[34.279137]
[41.031246]
[53.57793]
[32.676594]
[64.095856]
[55.27465]
[13.507098]
[54.690014]
[64.19312]
[36.710373]
[52.502712]
[33.386127]
[12.782626]
[67.47139]
[40.820927]
[26.378532]
[52.92358]
[25.170862]
[35.392647]
[52.300663]
[72.1311]
[60.823116]
[13.379328]
[66.26126]
[33.942787]
[54.339504]
[67.890526]
[22.876122]
[38.62859]
[65.14389]
[33.294834]
[39.739513]
[27.310976]
[23.980513]
[79.01467]
[27.7026]
[34.54877]
[24.905218]
[66.47011]
[67.50783]
[25.254179]
[26.754126]
[48.027477]
[31.143673]
[34.34895]
[19.70793]
[36.14832]
[32.600285]
[54.99648]
[28.524063]
[31.603836]
[27.289263]
[15.2669115]
[74.760605]
[45.84624]
[27.356934]
[39.579235]
[57.83495]
[22.457191]
[37.609364]
[52.650547]
[70.88157]
[37.878098]
[32.51783]
[71.923584]
[51.257435]
[41.9401]
[56.799576]
[30.029451]
[37.93019]
[26.569628]
[48.262257]
[55.45377]
[14.836624]
[31.421312]
[46.52731]
[23.16159]
[46.727818]
[61.633045]
[62.013424]
[40.449177]
[55.813213]
[34.8878]
[39.493984]
[53.873913]
[54.016907]
[52.23312]
[17.395395]
[40.061077]
[12.975928]
[34.50964]
[64.99609]
[39.252277]
[25.346292]
[19.4713]
[39.613995]
[31.681482]
[31.493654]
[41.27885]
[64.33182]
[39.50015]
[45.58703]
[45.826336]
[36.454266]
[40.35992]
[72.1651]
[45.374332]
[24.322725]
[54.06802]
[34.298008]
[72.02711]
[33.22775]
[70.04408]
[38.346085]
[36.66792]
[44.70825]
[44.839916]
[33.844803]
[58.903606]
[27.490742]
[13.2897215]
[15.217246]
[23.773794]
[36.445606]
[40.245037]
[24.357615]
[56.262337]
[40.414852]
[13.455491]
[31.02913]
[29.398748]
[15.37396]
[47.82976]
[35.373158]
[44.5413]
[13.180512]
[44.30597]
[60.711452]
[46.657875]
[39.683712]
[15.407342]
[27.951458]
[30.863062]
[25.897627]
[38.590202]
[54.069828]
[12.498956]
[61.694714]
[21.6089]
[37.63221]
[25.48159]
[67.73708]
[66.748474]
[41.493786]
[53.86115]
[61.02141]
[53.169086]
[38.805676]
[28.957382]
[24.320135]
[58.186462]
[41.260548]
[32.265015]
[68.9868]
[32.71493]
[36.106823]
[47.65266]
[53.448723]
[41.710552]
[36.113224]
[47.828396]
[35.822582]
[26.21277]
[34.171616]
[46.801712]
[28.89292]
[23.826433]
[62.993412]
[21.847038]
[53.79256]
[40.090202]
[43.00465]
[42.460358]
[59.274464]
[38.706158]
[24.08048]
[44.5891]
[37.736504]
[43.10494]
[34.58714]
[69.61612]
[23.796347]
[12.921243]
[47.41498]
[56.661617]
[61.69713]
[38.821217]
[18.883455]
[15.8241205]
[50.5852]
[40.8613]
[17.525513]
[50.831787]
[42.916534]
[39.23385]
[52.753654]
[44.33964]
[44.155506]
[28.417074]
[58.868153]
[38.565388]
[30.677492]
[45.775394]
[13.467256]
[32.336563]
[28.761702]
[40.69949]
[33.219463]
[13.152999]
[44.01759]
[15.929192]
[31.924244]
[27.906794]
[56.689293]
[27.898293]
[45.68919]
[36.110813]
[59.200676]
[29.00448]
[42.455265]
[18.201525]
[78.74632]
[39.255077]
[12.86451]
[13.783641]
[60.39514]
[45.82297]
[65.68852]
[32.142868]
[33.810104]
[67.80899]
[11.837783]
[74.10393]
[12.195273]
[47.907658]
[25.159174]
[34.34611]
[50.650726]
[26.550173]
[38.788994]
[38.420525]
[42.740395]
[38.28367]
[25.852358]
[31.063108]
[13.634878]
[57.660984]
[37.090797]
[48.749027]
[36.13747]
[40.27046]
[24.780867]
[14.049043]
[43.534534]
[40.376736]
[47.61752]
[48.27384]
[58.797615]
[48.405876]
[64.70217]
[18.899435]
[35.634525]
[45.758854]
[36.508312]
[26.834122]
[25.489763]
[37.981873]
[61.680416]
[54.1038]
[45.840206]
[36.055492]
[39.913372]
[66.995605]
[35.705498]
[21.939608]
[53.995396]
[23.746046]
[40.8402]
[35.43479]
[58.716324]
[30.125849]
[45.112507]
[57.665977]
[28.012108]
[40.933887]
[43.218636]
[20.382612]
[51.93182]
[29.326769]
[54.927338]
[45.77087]
[40.756924]
[62.211136]
[50.668175]
[35.941372]
[13.2148905]
[33.588745]
[15.655401]
[47.744633]
[13.093203]
[35.247036]
[34.238235]
[38.49802]
[65.80673]
[37.077698]
[68.004814]
[46.400627]
[78.60177]
[37.982517]
[49.343708]
[16.062494]
[12.506847]
[12.233424]
[27.671385]
[35.92532]
[31.168]
[71.08217]
[34.259354]
[76.08974]
[37.53443]
[32.856705]
[38.401997]
[37.437485]
[29.90016]
[37.956596]
[21.447523]
[42.217686]
[50.593422]
[29.86574]
[42.54691]
[31.100376]
[56.82337]
[32.77286]
[33.288494]
[28.085678]
[36.058086]
[41.543636]
[40.55405]
[59.32971]
[47.063694]
[40.85098]
[52.40492]
[40.382633]
[35.970814]
[12.863732]
[72.45368]
[57.699768]
[33.117825]
[40.011116]
[28.20347]
[43.081932]
[68.858734]
[25.309086]
[42.737606]
[29.011154]
[18.731655]
[14.336268]
[30.528486]
[18.150064]
[31.141266]
[36.867657]
[42.246204]
[26.819605]
[33.39516]
[32.7074]
[58.229355]
[24.825539]
[32.850063]
[19.365057]
[55.148586]
[65.08504]
[31.50902]
[67.00466]
[31.994167]
[33.38726]
[70.086784]
[47.067493]
[40.845234]
[42.26414]
[59.32523]
[33.68568]
[43.80602]
[38.162148]
[50.51151]
[44.388958]
[18.114412]
[72.50064]
[36.628036]
[54.844845]
[39.679157]
[15.1988325]
[13.357301]
[29.078924]
[44.340416]
[38.501152]
[26.208155]
[64.23566]
[76.2857]
[39.6505]
[29.174067]
[60.532684]
[47.664577]
[45.972065]
[40.5506]
[44.93536]
[25.275309]
[24.304289]
[36.512234]
[43.184307]
[45.202023]
[23.941675]
[27.602903]
[29.736109]
[41.47778]
[40.87766]
[42.42322]
[50.740246]
[34.316025]
[35.39171]
[85.12282]
[38.53558]
[38.908154]
[13.157427]
[34.012962]
[47.57474]
[60.224247]
[13.128335]
[67.03483]
[37.417747]
[45.023674]
[21.36875]
[65.14724]
[34.28051]
[30.85746]
[25.470293]
[46.741295]
[34.875957]
[45.65507]
[45.09099]
[22.277689]
[50.015415]
[74.09299]
[28.89534]
[69.844666]
[48.96169]
[26.648497]
[43.64851]
[65.937744]
[31.534655]
[25.512774]
[17.154726]
[23.253025]
[30.267403]
[37.13604]
[27.758917]
[50.95026]
[26.804144]
[51.71071]
[49.03245]
[31.411093]
[40.727364]
[27.056673]
[42.386715]
[47.92268]
[38.60423]
[54.688305]
[42.433052]
[41.312008]
[38.93273]
[34.89035]
[13.44518]
[65.09117]
[50.46798]
[57.806248]
[28.893593]
[46.700672]
[39.074196]
[27.09418]
[34.708214]
[49.73898]
[38.101997]
[50.959923]
[25.980307]
[56.757744]
[28.139496]
[57.460567]
[67.7452]
[37.495934]
[14.663526]
[27.098932]
[50.14243]
[59.011364]
[54.486107]
[53.198383]
[13.477677]
[60.16303]
[40.76235]
[32.382988]
[61.80942]
[49.893646]
[60.911194]
[63.997677]
[54.887753]
[86.384125]
[58.680683]
[45.318523]
[65.66956]
[80.132095]
[42.575836]
[42.691494]
[36.190517]
[41.44898]
[30.24269]
[52.15894]
[74.55382]
[31.117756]
[53.771473]
[27.660294]
[21.38751]
[38.16257]
[47.268673]
[38.78108]
[46.739643]
[23.304909]
[41.946445]
[42.77342]
[31.015345]
[48.372463]
[21.802032]
[45.613453]
[54.254116]
[45.612225]
[59.230457]
[68.50484]
[36.12117]
[28.192287]
[24.984354]
[43.63928]
[37.42483]
[71.2509]
[15.060319]
[30.193811]
[24.885988]
[24.602942]
[20.027155]
[42.684303]
[33.692715]
[39.479603]
[61.935925]
[26.463394]
[24.63058]
[35.28038]
[50.722385]
[54.160515]
[35.797707]
[72.240585]
[34.319233]
[30.380835]
[23.360548]
[39.452232]
[12.273682]
[67.67209]
[37.61259]
[13.805022]
[40.89479]
[73.53911]
[29.11634]
[42.36584]
[26.603931]
[17.201042]
[37.756824]
[70.59154]
[47.187695]
[24.50567]
[53.430717]
[38.182705]
[9.292117]
[45.450947]
[18.750566]
[65.17648]
[54.143444]
[45.303856]
[63.410427]
[41.014782]
[43.89401]
[43.13046]
[26.79782]
[23.153446]
[52.189583]
[28.368088]
[39.88786]
[23.273874]
[38.30954]
[39.74178]
[56.007748]
[51.812527]
[53.953846]
[11.5426445]
[39.878147]
[40.014217]
[62.7337]
[30.207468]
[33.239094]
[31.23178]
[42.94599]
[32.37892]
[29.601936]
[79.045166]
[62.956585]
[36.128803]
[19.170736]
[40.48351]
[35.193768]
[48.016315]
[28.879183]
[26.472967]
[24.172104]
[62.464054]
[48.46999]
[44.00854]
[49.941925]
[37.46479]
[26.966368]
[63.92386]
[40.33707]
[25.830507]
[16.336065]
[13.36638]
[14.980273]
[82.22774]
[53.524845]
[13.903805]
[65.72538]
[40.44217]
[68.81763]
[13.77054]
[62.808556]
[58.824375]
[38.22582]
[16.120138]
[39.388004]
[33.003704]
[35.0792]
[28.572699]
[12.648231]
[64.60746]
[60.924664]
[35.237724]
[43.25642]
[33.187206]
[36.99655]
[27.992277]
[29.493341]
[47.901524]
[66.26379]
[38.142555]
[25.08422]
[44.378666]
[55.99725]
[37.82256]
[43.32597]
[46.460957]
[50.91883]
[53.22614]
[63.383068]
[37.41754]
[46.16121]
[48.39153]
[33.8355]
[12.900079]
[57.254436]
[45.444904]
[26.063639]
[16.42392]
[49.021996]
[67.41411]
[31.177378]
[39.60113]
[15.442004]
[67.75781]
[49.973816]
[22.061192]
[13.098554]
[74.1012]
[43.027412]
[33.58953]
[42.698612]
[30.07369]
[47.59634]
[53.84943]
[25.680624]
[68.52588]
[40.458973]
[51.741688]
[25.057846]
[52.30746]
[58.600574]
[57.15458]
[27.136694]
[52.44227]
[49.39629]
[17.487602]
[48.73373]
[32.253277]
[38.614086]
[63.427197]
[29.516516]
[38.27344]
[38.79877]
[39.209393]
[36.555244]
[32.15092]
[26.439577]
[39.274105]
[45.169075]
[42.938072]
[48.348675]
[23.836958]
[21.294394]
[42.17496]
[27.381794]
[46.12609]
[42.770046]
[37.723083]
[63.294]
[25.239004]
[34.818115]
[28.801706]
[25.10934]
[38.576916]
[19.023909]
[51.44405]
[47.667774]
[29.20138]
[45.248245]
[51.860474]
[35.304996]
[32.288418]
[27.591656]
[34.55918]
[74.08185]
[14.550312]
[42.57407]
[38.54984]
[24.738802]
[34.90653]
[29.065659]
[24.68324]
[51.10719]
[39.032276]
[48.106777]
[39.42518]
[24.285677]
[37.421535]
[13.31235]
[45.752613]
[22.348728]
[48.175137]
[35.80382]
[35.039066]
[54.22305]
[38.474964]
[49.857586]
[38.78939]
[70.4469]
[25.97532]
[22.765715]
[37.64641]
[63.039837]
[70.005325]
[50.42101]
[19.645931]
[43.82143]
[35.861526]
[23.983725]
[42.14827]
[48.946644]
[28.693342]
[52.601788]
[66.534706]
[30.077864]
[39.85346]
[25.166288]
[50.78404]
[28.92164]
[18.644764]
[36.99523]
[64.495316]
[59.304096]
[24.276178]
[63.297886]
[25.297775]
[13.043021]
[25.028795]
[41.713215]
[50.267292]
[48.536747]
[29.020506]
[48.664967]
[60.405117]
[36.742283]
[31.813993]
[41.451546]
[58.528137]
[30.199587]
[42.177227]
[79.80365]
[65.0067]
[25.322084]
[56.792583]
[29.856695]
[37.629665]
[33.513386]
[77.23233]
[26.389933]
[20.05559]
[29.989737]
[26.645708]
[37.068485]
[12.138036]
[38.10219]
[41.014378]
[69.7352]
[13.090043]
[66.16536]
[31.280998]
[57.54742]
[12.868129]
[63.24651]
[63.539677]
[22.262688]
[17.071115]
[74.86803]
[26.353373]
[39.691425]
[26.880629]
[60.353016]
[66.90615]
[40.306713]
[25.749699]
[64.39583]
[25.068419]
[29.320547]
[38.546436]
[34.084812]
[11.769856]
[18.126495]
[41.500954]
[67.90676]
[42.93314]
[51.1654]
[16.584501]
[45.760387]
[36.857433]
[50.23292]
[40.29652]
[59.253666]
[13.013858]
[45.852467]
[50.457954]
[22.38951]
[66.67333]
[50.238968]
[37.69278]
[69.94333]
[32.47327]
[14.327485]
[82.97897]
[44.467617]
[25.202818]
[83.45691]
[53.235638]
[60.698143]
[40.006065]
[35.47987]
[13.5904]
[18.9316]
[40.631123]
[24.355999]
[25.646627]
[40.693626]
[37.924896]
[25.002012]
[39.710445]
[40.256603]
[65.98629]
[67.89009]
[31.92182]
[36.390274]
[16.415155]
[48.754406]
[32.5621]
[37.33267]
[53.194664]
[29.98228]
[43.45566]
[42.583397]
[34.002796]
[27.275969]
[38.752544]
[61.921364]
[57.669582]
[67.79498]
[39.791737]
[20.436487]
[55.703087]
[22.767271]
[59.579647]
[21.340513]
[40.253063]
[73.659355]
[51.59289]
[40.3784]
[50.203773]
[70.41165]
[27.194008]
[53.18137]
[38.29595]
[56.749077]
[53.162014]
[30.558367]
[62.845398]
[64.35013]
[46.04077]
[39.480766]
[23.205912]
