8.733333,134.454047,17.972046,34.192304,2
8.614814,86.302237,4.168373,40.0,2
-4.333333,138.880782,2.721256,27.122605,2
8.602531,51.356913,18.061923,47.188993,2
-0.0,1.95173,14.033748,68.333333,3
-4.36266,106.456614,0.354636,41.428771,2
-3.780947,55.878393,19.711002,50.696989,3
4.666667,189.246031,11.338251,37.278451,2
8.733333,181.288653,11.979483,31.981457,2
8.733333,78.536915,13.341729,63.47095,3
-4.337934,4.971047,16.729597,46.806638,2
8.733333,134.287359,18.817631,31.196184,2
8.733333,167.434127,8.423106,13.222719,1
4.666667,194.299928,1.862282,25.17049,2
8.733333,11.386577,16.145213,39.496205,2
0.0,90.064763,7.303765,68.268108,3
0.211387,116.49406,18.47449,62.226541,3
8.733333,137.327563,8.177913,13.222719,1
8.710609,143.886551,18.220736,32.960275,2
8.733333,130.00815,3.88341,19.327424,1
4.749161,145.38291,2.849437,24.652787,1
-5.509081,74.769533,19.357439,69.419681,3
8.606922,116.316417,0.969741,29.251559,2
8.615446,23.223703,15.10784,40.0,2
4.982862,11.530872,16.143004,46.018998,2
5.639167,195.953045,9.617794,17.943211,1
8.696152,56.964745,8.356456,33.697171,2
4.46872,118.99486,21.552464,42.904831,2
1.569744,192.432206,8.777855,36.655909,2
-4.348994,37.155653,9.684112,31.615823,2
6.418728,38.607963,3.449774,20.577727,1
0.0,68.328821,7.172754,66.339246,3
-0.744046,186.579579,6.909362,38.470552,2
0.0,78.133507,19.679015,85.495664,4
-6.713589,54.643342,5.434532,32.185656,2
8.606421,30.389416,6.834938,13.263466,1
5.728301,79.421769,8.995116,41.948075,2
-0.635086,74.944493,15.57624,85.297977,4
8.733333,26.222941,3.160027,13.222719,1
0.0,87.008144,19.169085,84.912249,4
0.0,18.302633,1.82943,40.0,2
4.833042,122.925392,10.158232,36.525665,2
7.15583,2.195818,0.668559,13.89649,1
8.722314,114.652077,16.570412,51.82973,3
-4.352375,157.945972,15.400939,67.990734,3
3.297574,47.073355,4.719269,45.11171,2
4.681215,89.603943,14.957903,71.874432,3
4.726229,113.871637,12.260439,49.589482,2
6.63848,12.280288,18.714936,30.977739,2
8.617869,99.257777,12.288441,51.822081,3
-4.094402,128.463047,19.839021,41.33747,2
5.011175,44.253146,9.229389,34.4895,2
0.325684,167.411289,7.878824,39.334247,2
-6.397811,194.215046,10.757725,32.113758,2
-4.333333,169.274578,5.631167,27.122605,2
4.238231,101.199891,20.441724,49.903183,2
8.733333,55.775122,10.26865,34.918227,2
-0.0,149.323444,5.588173,40.0,2
1.056502,47.386077,9.486806,50.144025,3
0.0,191.469056,15.45566,68.333333,3
8.646427,124.052007,8.851257,24.653839,1
-4.46262,120.052429,4.000482,38.454967,2
3.764001,34.5209,18.837525,42.80629,2
5.983553,18.069348,12.852427,35.693471,2
8.473727,51.052441,8.218733,30.674276,2
8.733333,171.714106,4.87728,13.222719,1
4.666667,182.213411,4.817871,25.17049,2
-4.333726,139.926753,11.489114,41.990883,2
0.0,145.036471,9.5353,40.0,2
-8.40181,45.977216,16.308688,50.358357,3
8.393752,115.210691,1.549892,29.784412,2
0.0,162.125621,18.641336,55.267187,3
8.733333,80.768674,14.957365,68.308631,3
-4.398136,197.687853,3.006333,26.758771,2
8.733333,17.999763,18.884848,30.048193,2
3.815389,64.188207,4.396351,48.559575,2
-8.620209,102.281788,13.361478,59.889172,3
-4.406177,12.121273,11.94699,40.934288,2
-0.0,145.137585,3.571143,40.0,2
-0.0,111.31115,0.124367,55.439661,3
-0.0,105.87198,16.972673,72.608126,3
8.461833,165.996486,16.825326,37.177427,2
-0.0,171.751807,9.263526,40.0,2
-0.0,157.805785,1.24989,40.0,2
8.733333,63.566611,12.886434,55.577327,3
-3.011415,90.441491,3.831415,55.818306,3
5.795235,150.445594,16.029435,41.34952,2
6.257891,21.972341,11.754403,30.744626,2
4.835485,21.948474,5.567414,24.092859,1
4.666667,53.976733,20.175248,42.607589,2
-4.397289,104.927469,16.68028,61.873631,3
0.0,194.530215,19.514676,48.018356,2
-0.0,142.081737,1.51356,40.0,2
5.83707,62.371989,4.03762,36.670451,2
8.733333,58.291426,16.215598,57.538745,3
-4.333333,170.071467,15.327727,67.989083,3
4.666667,182.329485,17.093844,43.584188,2
-0.0,127.855229,11.041875,53.286788,3
0.0,51.07406,9.36093,54.637262,3
4.672637,17.733168,13.447217,45.907548,2
-4.339415,167.651118,18.826982,42.988034,2
6.971202,116.943724,14.757536,52.869162,3
-1.140008,189.621747,11.519025,49.401727,2
3.082556,12.205786,6.573939,32.481027,2
0.0,116.928261,15.48732,75.70858,4
4.667063,57.021617,8.395439,40.144849,2
-4.629273,165.546435,12.48907,49.011064,2
4.744786,38.197288,19.532941,38.674387,2
5.396578,88.505992,18.544884,55.87093,3
8.669639,78.682301,19.773568,44.24063,2
-0.0,165.314796,20.658068,40.0,2
-5.098045,135.374219,17.939573,47.64639,2
-8.513265,41.520607,0.029872,23.268835,1
8.733333,63.620945,0.067995,36.768421,2
-4.336124,26.762197,1.924314,27.107022,2
8.724978,134.292578,5.736002,14.175797,1
4.666667,114.198215,0.501571,37.221759,2
8.733333,33.953413,9.329866,13.585059,1
-4.379033,29.531155,7.503429,26.866534,2
4.685234,95.215944,11.909787,55.664525,3
-4.398726,181.620483,20.37572,26.755431,2
8.733333,110.435005,6.566988,31.905775,2
-8.661248,6.587979,7.437865,13.245825,1
8.583405,10.772585,18.908562,29.902073,2
8.733333,161.012646,7.490523,13.222719,1
8.733333,90.274971,3.038649,39.884135,2
-4.402501,76.529246,11.171577,55.821514,3
4.778407,157.928741,18.846442,36.597067,2
-4.48805,72.857374,8.4549,49.378694,2
8.733333,106.469987,15.3052,57.60429,3
-0.0,142.331341,13.813892,66.823875,3
8.47116,174.295304,9.908539,14.083613,1
