35.62633
36.51681
25.425772
13.433222
25.188925
72.9598
46.926353
27.441422
32.296684
33.95036
55.43222
13.177196
38.964985
44.710686
12.340919
31.458736
62.535656
39.79213
12.823091
12.849762
38.775707
42.016705
33.237865
12.632751
40.88767
12.841964
14.488871
40.905098
38.777744
41.37631
37.195843
46.621174
59.64301
36.265858
63.978138
62.064426
62.805668
63.677746
15.450119
23.102425
54.098167
39.734486
41.39368
39.02032
57.600395
39.191547
49.077587
41.277515
51.949467
40.335686
51.608807
45.58425
52.12271
69.4823
53.238552
62.089436
33.3952
41.930424
36.36295
37.407
45.174473
58.71321
66.81846
47.196056
54.748173
12.972357
47.45328
33.39733
68.6512
29.675837
12.36686
26.081661
20.352226
17.615768
22.424292
27.547428
38.07006
62.171562
43.517673
38.993782
55.63278
18.047089
25.21262
41.51657
39.60057
46.147972
41.964138
35.273716
35.107166
37.46594
23.495924
26.312412
60.474644
14.16927
37.39629
32.21099
46.982105
55.150356
13.195004
48.19633
35.522236
30.905083
31.329182
55.46545
11.89366
23.923264
25.838867
49.77994
35.767925
36.655483
63.473194
26.682135
30.25834
57.219524
30.26659
27.166412
59.21919
30.921143
48.303032
23.486649
30.380718
19.228354
27.072266
42.573784
36.702206
35.320797
33.811687
46.417545
35.871986
36.86065
31.466393
38.647545
39.186356
25.62606
33.323353
46.56351
36.32505
66.24937
51.44803
13.450972
13.8553915
24.003391
51.079952
51.588387
82.033424
15.499857
47.15968
32.899986
28.737652
21.770277
38.937
47.40659
19.289719
38.04958
24.824047
23.977228
27.799377
13.3119955
46.503452
48.04376
43.98844
32.78159
59.493587
69.479576
28.844006
42.851
26.862957
59.4714
53.195854
59.52216
29.297508
39.180004
40.618427
29.100498
62.052563
46.583595
47.224545
39.614635
23.667639
41.20938
49.48491
39.53758
33.02032
45.206463
49.423336
24.103966
57.501877
63.581264
35.309338
40.368046
40.885464
32.110313
26.652634
53.40491
24.083317
54.440685
39.112392
48.15402
12.3054
38.309536
39.16612
38.552933
35.813232
56.096054
34.692005
29.383486
37.754803
23.928478
77.468544
25.586044
39.934994
70.05242
70.624176
24.659382
35.92255
32.188362
26.152721
45.05525
55.452747
33.455135
72.264824
13.630661
29.996231
43.85583
34.156944
35.401134
48.571575
51.81526
44.59328
32.435993
52.53393
37.011883
66.36958
13.776605
27.673708
38.682278
26.135359
54.70518
77.01184
38.49358
26.28185
48.107723
37.766674
56.11124
12.636461
12.686493
24.752972
48.974957
27.465298
47.35215
39.335842
38.54627
23.952223
65.51243
46.18861
43.568096
62.394855
37.83376
32.666737
12.264668
41.67494
31.903812
37.104336
35.0488
45.79042
33.297234
49.066814
48.569424
26.749311
14.319659
31.752665
48.5182
48.184826
20.647348
27.563301
12.82192
30.85754
76.965546
58.194027
37.137257
51.09347
12.995602
46.025562
38.26338
37.910732
63.209072
52.657406
36.388233
28.194107
47.271206
14.824837
42.016758
20.566864
51.050022
50.30192
40.193035
12.84677
15.1047535
68.21141
42.52954
34.686382
44.149906
18.428776
26.180346
41.470608
61.99075
38.920162
13.05908
43.507763
35.495216
61.745525
75.88415
12.557392
45.23407
27.750217
24.07426
59.83385
54.82964
37.271496
13.304206
42.483562
50.4029
37.099056
37.35187
45.68245
33.974903
68.60304
23.741543
51.550365
50.812702
70.48748
35.69623
63.4547
12.83514
60.28667
52.23271
53.87179
32.938007
24.531433
35.328648
13.223019
12.408472
54.619396
50.70978
31.723793
80.62969
62.74394
12.535656
62.9743
49.56947
34.51408
15.887365
40.732872
67.52062
34.39204
34.318417
24.510202
25.122295
48.813713
28.25472
65.654724
64.58428
38.40841
45.7521
58.650448
48.48615
73.98376
12.656809
33.541473
20.70332
34.8662
34.33871
36.795834
80.87986
35.847965
52.464336
68.58904
26.124313
37.80409
37.90142
34.23903
46.67123
68.201355
61.99803
34.93172
37.797184
44.744137
50.170845
67.89852
24.498747
12.151544
12.846877
30.03471
33.22424
39.045097
26.118652
67.75794
32.126923
30.092255
21.150398
27.822266
25.637135
81.84146
45.647457
18.095253
22.956257
52.534996
43.919888
60.739048
75.83764
64.04483
44.4978
39.373173
27.537868
45.89478
25.919512
65.7253
27.115517
57.066628
33.951183
29.816357
43.146442
34.246502
49.226986
12.978239
70.74169
56.395412
24.132866
35.241276
23.063946
24.686155
22.364063
48.563297
26.22025
44.56548
35.725246
40.902275
50.464214
18.317936
38.64269
66.32498
35.745945
33.751286
25.173162
51.999683
30.056946
42.44093
39.18669
44.350266
51.532673
58.361782
26.557808
65.20389
47.236897
42.12827
43.02238
31.605179
12.890861
64.64004
66.34603
21.320023
60.89069
48.162495
25.77394
37.202446
31.276047
25.774027
25.93809
39.574642
12.899294
43.345577
31.72657
42.027874
38.86206
14.888311
48.205364
35.571888
55.71672
33.298412
24.247622
40.608875
22.46607
29.539433
15.313322
25.333326
14.225315
44.444347
13.345861
58.2367
44.33829
39.270374
47.237923
19.164433
44.114437
48.542343
63.046062
27.003891
39.554996
54.025127
34.856
60.419605
47.732822
17.550846
70.28875
57.535957
40.21558
33.144695
48.865894
44.335308
40.285393
37.07191
53.81051
55.036785
36.157326
46.399532
46.538486
34.278526
57.386677
38.66427
50.026623
51.60082
39.9993
37.655704
13.528687
51.18378
39.706326
46.90116
31.504585
70.24125
45.037373
37.968975
23.654549
58.85931
35.271572
38.893513
24.06309
20.961147
23.535318
38.08417
76.12455
44.15128
20.638533
54.011486
13.80946
24.240019
43.72751
48.74383
51.146282
56.797344
35.481403
12.358561
56.956223
27.725796
29.88635
38.509716
44.64074
35.630634
42.267193
61.453518
47.876133
30.52798
43.76727
52.084164
23.569838
29.801125
30.931002
38.167454
52.225864
44.102905
14.013651
18.793804
15.032251
37.585907
46.330692
23.416065
12.574062
35.844193
71.51136
12.689247
13.118391
38.010784
69.73212
65.98386
56.59473
39.640823
27.594906
26.556128
38.78732
39.35132
78.65394
46.671444
46.33427
70.13747
47.93131
22.677895
38.86558
49.730747
50.90935
18.440365
36.51289
24.961685
39.119457
27.203169
56.178555
50.865627
12.872658
33.925304
38.262814
67.33598
13.178747
37.463444
30.970787
28.357769
39.028996
40.86661
38.77366
49.223396
25.049114
38.80521
32.818035
13.518573
44.746037
19.536999
58.807003
26.424637
25.215527
34.430927
43.459652
12.520221
16.205698
28.542261
39.377796
27.194365
45.98271
42.829002
44.05252
50.818794
43.06691
39.238186
64.95276
39.66401
23.87392
43.29581
58.427773
53.64314
26.290894
33.29038
64.603935
25.90129
52.302547
46.718765
24.450851
38.972847
23.66816
49.521423
31.095295
19.54796
47.29687
36.497017
36.73945
37.68533
24.355947
51.183586
36.127636
14.83339
28.604809
47.468906
29.398674
67.62306
41.66525
37.83931
33.24235
38.57667
12.232523
26.440613
30.075615
46.001873
26.90554
28.079071
36.391018
13.012093
48.65472
24.619434
27.694965
13.128887
40.064693
44.3377
56.981197
58.99799
59.796688
70.85003
35.131065
13.390478
60.063923
56.62309
36.654522
38.405663
59.39793
15.996889
14.610624
48.24097
61.084118
58.353848
35.364063
22.952003
36.288273
32.966682
45.469574
39.634144
51.324013
39.28534
41.116062
39.647118
35.47804
53.890812
24.043924
52.345947
16.000399
28.002361
28.792873
69.7029
23.358177
69.92007
32.648163
48.746273
38.663277
43.71536
12.594588
36.805973
46.155735
49.98538
28.935326
33.64059
23.499056
56.29408
60.38317
39.202892
42.368176
41.373737
23.529774
13.066167
59.36008
57.56413
57.95294
38.12189
59.40939
23.892319
46.622135
33.62385
53.957664
47.301212
25.94777
31.914474
46.431248
36.368187
49.569767
34.097355
29.515125
42.700603
33.98126
43.41995
41.15675
71.47476
44.396
53.24793
56.95228
27.196274
10.288315
28.2444
38.408016
16.80439
55.87682
50.01671
45.80036
46.549026
24.88387
39.17094
27.356712
43.541164
47.393414
50.88831
35.58145
44.189003
40.789516
20.926622
62.79199
30.969852
31.489483
66.33117
38.59427
23.890636
47.72968
36.509853
12.543582
38.042057
15.801939
24.626038
51.809364
31.25459
13.660019
44.13396
38.701725
42.91853
34.13045
46.1281
51.456593
46.697174
30.524231
21.737272
43.124146
35.902145
27.6498
31.221695
12.862017
13.410505
27.15239
63.358875
52.529903
33.98975
44.621166
38.70075
38.364597
29.979137
11.958022
17.260551
32.37128
24.284542
53.651623
25.958153
38.11173
53.684082
42.41792
38.784225
25.686459
51.227123
42.53097
23.784159
26.613937
73.11582
42.69499
27.214031
45.895954
71.11834
48.38075
41.525997
40.92378
52.211407
61.34374
64.12966
53.850826
36.36409
35.898148
13.10874
48.2884
23.533321
42.54978
13.341676
60.498997
33.366306
26.46188
44.513855
71.52936
25.87504
68.498146
44.978374
64.473656
48.930843
19.083748
12.589481
44.788227
46.499454
53.477955
59.5905
35.482193
40.554043
39.174667
30.54079
31.030884
58.80381
40.05055
47.094604
28.807749
26.426664
58.45741
43.210064
43.47889
48.759243
26.179258
56.867992
48.950005
24.999737
43.46565
25.09364
71.784775
31.514214
34.255215
39.179016
72.96558
47.398586
40.136585
60.46229
37.070744
70.7052
48.26709
72.03846
48.199352
55.86898
23.431133
54.71365
65.01652
63.941975
36.36332
50.475204
37.173843
12.553336
49.288624
53.00674
35.770866
52.602257
39.512714
40.836826
41.071827
51.227745
66.266754
29.285477
43.37399
39.83582
23.546577
28.208624
61.931187
29.657639
62.104168
43.419353
41.65098
28.292698
12.804941
64.07336
52.72415
26.788742
30.250443
39.965313
66.131195
36.42194
48.815258
51.740543
67.43104
43.19081
48.983635
28.872784
29.031487
32.401524
69.344505
12.867128
83.58183
22.451206
56.867657
25.239521
83.7756
58.31696
39.204266
38.059944
39.609398
47.649715
44.59117
62.84128
38.3358
38.599255
39.00223
26.780838
48.817013
62.22183
48.5854
42.562317
12.845543
31.06171
21.869709
30.237093
67.083176
44.814785
39.912243
43.23959
47.801662
35.52982
39.6199
33.035492
48.417057
46.162197
40.44967
30.148943
32.15677
51.584827
46.70564
54.425045
16.166492
39.52625
51.951756
37.034435
38.202553
68.18638
19.28688
38.84768
47.011387
38.26968
26.300514
36.090733
34.364544
38.01639
48.420284
28.650063
55.027714
40.89336
43.43384
59.295048
35.540142
14.659199
59.874535
41.98837
13.304487
67.59713
34.51372
39.845844
38.515972
37.613926
47.588123
49.199715
36.349255
39.67123
24.213844
39.03809
41.214138
71.49775
25.373585
38.35794
33.12705
30.554138
59.68786
33.036785
48.776997
46.13822
25.700768
67.97459
36.895267
82.037094
37.801205
60.07565
38.175747
26.739433
68.6501
25.677488
12.965008
13.053743
34.721825
12.163768
24.387674
65.90583
48.427937
74.96645
31.086872
31.341946
48.091084
43.859135
25.054577
68.38358
26.6703
46.36572
57.34952
38.54748
70.53495
45.306087
39.272297
13.254171
50.61889
12.538689
13.280626
44.339813
23.146912
25.950005
62.31161
35.16389
66.41845
63.825848
36.618996
32.299877
61.351192
39.786556
45.287987
36.12318
24.385044
12.540831
17.097895
56.50839
24.288757
40.31464
39.17721
41.714245
46.996624
60.661674
54.967678
74.01831
23.97517
31.183098
38.054863
38.6589
12.80756
30.164663
55.073593
26.694218
50.160324
16.880325
25.977543
48.741238
39.759098
59.87682
24.111729
23.974218
25.330784
40.683468
41.012936
59.407173
39.50146
67.983635
33.99009
34.891003
23.94443
26.369343
35.09055
21.906944
27.189081
51.77712
25.632908
31.112612
39.440083
55.771637
35.917377
46.918835
35.948868
39.279476
14.346137
76.08231
32.088486
58.558453
39.803493
21.301216
35.355328
28.40252
50.50098
52.810596
41.60669
13.033725
12.828259
42.185375
58.502777
27.203922
50.859924
26.512062
47.524284
42.20111
17.14838
59.511127
42.62456
37.261257
37.06463
33.151714
41.30425
38.615425
25.680801
47.820976
33.57145
28.970955
46.841007
57.86713
28.432003
44.100826
42.435905
29.967094
36.77618
32.849483
48.016727
34.19003
54.995438
39.408443
62.74306
49.946842
66.075356
57.671734
35.163193
24.17509
40.488514
26.610867
69.70714
19.955269
27.827782
47.570454
45.054928
68.576614
54.02174
44.183662
30.45241
24.093239
14.613002
53.662857
46.77502
44.197575
27.861694
23.730373
26.31577
24.98486
18.568882
23.75421
48.719845
63.62656
30.113747
60.932102
51.36368
66.02981
25.28165
27.224957
12.722893
29.625515
47.13028
55.2945
25.08833
26.552973
25.992767
54.54068
68.806046
26.70374
69.89094
38.827023
41.323566
37.889717
62.215557
49.13545
65.03383
32.87665
13.029642
67.977905
44.472416
12.858135
37.090965
33.54746
60.73103
41.477043
13.251749
31.43362
19.38933
55.66366
38.466206
39.244534
40.055843
51.685715
43.90113
12.781839
44.124218
34.938663
24.080933
53.000477
54.331318
48.36374
12.542429
53.116463
46.430756
50.12241
36.081272
38.7961
32.903126
48.54463
33.6366
38.81376
28.421707
25.745554
24.729156
33.897408
29.875763
51.17969
75.36875
39.568935
29.705074
24.068203
13.122229
38.12257
25.358046
41.04652
45.39286
41.56232
46.7138
47.28355
68.71328
38.832638
31.246109
25.405159
26.180733
37.50829
41.82665
12.693232
38.10932
51.69149
34.594967
43.18767
41.85176
41.156227
39.096382
32.996082
48.84766
67.5122
36.33035
28.036667
26.259293
13.240868
12.174961
35.232395
39.18951
26.541262
30.895802
37.952618
40.06471
68.72347
42.352962
26.022581
12.084234
37.228596
60.410885
60.209583
36.579185
39.548862
42.887333
48.567867
61.57893
35.50106
43.263294
64.66483
29.755402
28.364506
29.06843
32.860485
35.512325
42.080536
49.58064
14.32349
62.366024
34.407238
32.593586
41.139137
37.452976
18.36935
39.185905
25.995077
22.703863
51.00685
39.419064
49.359444
39.49682
39.648117
26.198235
57.982895
39.149036
41.175873
48.681694
43.549023
45.67915
38.732285
24.102379
21.13757
24.32539
67.56323
46.382587
38.635113
65.1771
46.253452
48.565166
27.298304
34.998615
49.245132
47.010807
28.173672
25.193928
60.552113
25.908766
38.5986
34.391346
27.627867
38.832752
51.917965
45.421375
29.314228
86.297615
36.690952
29.913532
48.009274
60.2179
13.313656
56.827885
38.128975
38.519196
23.781239
25.258415
61.08167
25.559298
12.942305
36.85259
67.1601
40.049133
35.359863
37.163944
30.779322
33.86599
44.245197
34.60686
47.974205
39.03872
50.405716
56.621593
47.71457
53.034184
43.300526
40.399174
17.933977
46.97662
29.970284
38.435165
43.578014
23.846203
57.895824
33.41053
29.74991
45.368427
19.284637
42.46399
43.706818
44.79153
47.750237
37.064594
23.993465
37.598133
69.10923
68.706314
26.244308
26.500229
39.3148
38.53099
26.091852
50.696354
43.301003
65.1246
42.138416
37.898445
42.7832
26.314917
49.28683
27.45393
39.843292
63.874634
31.987328
36.525978
50.052044
47.207336
47.85286
12.810394
40.028057
38.69207
59.748592
24.22537
33.1439
12.9472885
18.745289
25.896742
12.379774
50.31892
19.174881
19.396366
39.10146
27.07985
40.82857
32.379135
46.296772
61.306187
68.72669
32.94653
80.189705
23.638283
12.231773
49.77226
39.836185
50.14567
37.579464
31.381184
42.43344
43.868465
60.058613
48.43162
34.515846
38.061367
45.32706
41.93704
26.663218
81.045334
50.05394
40.368496
35.690647
30.156284
46.048313
64.03054
48.330624
58.050854
66.28522
25.490257
44.964493
61.26196
47.467
28.726357
27.546047
35.829056
37.780216
38.11509
36.918896
68.336586
69.19843
28.78196
68.35334
26.93747
55.711185
13.078681
47.3878
39.329956
13.338791
43.175568
24.591568
42.039234
39.03144
37.567223
60.199116
30.052933
70.64973
37.642307
50.969013
67.962166
14.885742
27.71135
45.469036
40.487576
42.42459
35.28841
39.541195
48.818676
49.833473
40.394077
23.969868
12.578548
12.936221
57.59286
55.66129
45.71592
28.45085
35.321835
37.60627
53.47403
43.869076
35.338375
50.369648
15.445475
61.170544
31.01697
39.922062
34.520054
72.14547
54.43111
42.714455
23.61527
44.680946
31.177189
79.27363
13.627295
33.636074
22.556932
12.439672
36.890102
19.3343
32.65334
27.834309
51.805584
52.05807
27.504097
60.738327
52.308384
25.063915
42.893757
39.020973
78.979744
68.12757
47.179783
13.20775
33.647793
38.931236
24.372896
21.929935
38.57606
38.64678
28.699081
25.78666
62.14664
46.594944
42.526485
44.768417
63.078503
42.597946
23.974882
38.082886
15.646022
55.817387
39.472984
26.663715
73.54507
38.59047
28.225174
31.393185
47.179825
57.777332
50.87006
46.143078
45.334965
19.159744
63.90079
67.53469
52.250443
24.102581
12.764448
67.15097
28.614014
14.780216
66.262245
46.50696
39.814053
37.03793
39.064022
44.14562
55.067684
34.233337
47.326603
57.713036
44.39078
27.021309
23.906868
31.431747
37.99599
41.820797
28.508835
46.62743
38.51949
67.345375
67.83657
61.263695
23.330425
35.84284
38.634476
38.019722
47.641705
53.12671
36.835464
47.78158
20.178888
23.81931
46.821377
31.111813
33.77496
35.562244
24.836452
26.541994
59.07768
35.38507
39.35118
34.97189
13.278889
38.84598
13.913401
30.367617
85.80741
24.185553
46.290688
47.72974
39.82468
38.997387
26.06654
12.869593
40.612633
29.846523
31.496792
46.002075
47.58099
47.107258
34.217606
31.690228
38.210117
26.570484
35.374218
38.266834
13.646372
40.6954
33.500072
33.879566
24.173748
17.062977
46.394184
62.67677
62.528328
46.90069
67.66488
31.878336
53.416332
39.0941
47.784454
12.962616
48.37036
49.334976
32.848885
32.85072
34.358166
52.86708
52.706875
16.743904
38.49904
32.954304
83.20779
52.599766
69.0039
40.355137
39.866425
42.411884
39.51872
46.923286
24.746872
28.468157
32.443974
29.184647
23.426725
13.024043
62.310787
24.963068
42.3164
31.761482
39.86275
15.287833
50.353245
47.404697
36.378056
40.088684
34.220997
33.073795
25.252453
50.473564
58.571827
12.81543
43.891865
56.879852
52.401684
37.728947
53.773106
83.47924
22.55297
50.915295
38.102757
65.69092
24.077974
13.081638
84.38314
38.553806
32.752163
13.280873
12.638369
26.297007
44.325504
36.94811
46.26069
39.235516
33.627045
39.690765
40.817974
39.253746
12.843618
40.083668
42.208115
19.64138
12.695217
54.77988
33.62617
57.623272
49.481976
35.947266
24.735228
47.142056
72.06916
51.29964
64.32177
29.985447
67.78535
55.58172
70.292076
39.46039
37.55759
40.086044
38.89577
31.9042
40.68317
26.218834
12.736894
63.94315
77.32248
66.70866
21.647228
52.165287
38.01797
37.783497
56.890568
12.644321
39.500065
40.32407
16.659664
12.801292
67.93836
61.404488
35.743725
46.4931
48.240307
63.058792
36.05961
12.794455
41.31626
53.485806
55.05669
33.4706
58.71628
38.282364
39.112232
55.55469
34.103382
57.034584
26.213926
59.754208
51.561356
31.300653
25.233074
35.883606
36.192318
47.18306
22.151993
42.277622
40.8481
23.404367
52.940483
71.1218
64.546684
25.130379
12.587514
29.197573
23.82998
24.265831
51.64213
25.473894
51.4145
31.550991
55.20985
44.86002
34.138126
17.468494
28.823921
13.9229355
53.160034
53.26119
36.202713
64.31879
23.21476
40.515667
41.331367
37.161545
28.596066
39.628998
40.422504
39.889614
46.988743
41.543697
38.777966
26.60804
39.259174
32.89123
38.883865
55.70332
36.385754
33.67977
13.200426
35.420815
24.028706
37.478405
39.145626
31.99885
39.470848
40.281303
16.640467
52.232105
24.73929
46.68341
38.80243
66.48373
16.377384
48.85256
46.52846
46.535526
22.190434
43.3785
39.116417
13.349533
42.25326
48.064102
29.170685
21.94109
47.7337
12.904516
66.19129
52.566513
53.34818
45.859974
39.633236
45.132046
52.73408
29.038387
23.96109
68.591415
13.089134
35.87704
27.250923
46.8482
57.25902
71.634834
32.907063
66.45568
28.50628
69.57206
53.51485
52.18169
82.01453
39.26872
64.24627
46.553806
68.5741
46.294575
49.20693
49.150356
26.757664
62.97215
52.421383
49.084484
32.555943
42.330948
32.9696
40.67245
13.495243
49.131664
31.846941
22.105661
42.84994
61.21729
64.63497
40.284397
12.79033
47.74191
33.423393
60.08031
23.758057
48.85555
37.869087
81.416176
38.342022
22.120235
12.808842
30.08115
42.059456
42.13146
40.531475
19.968365
61.119568
51.493114
32.390587
31.340126
43.466293
30.475225
42.72649
42.071365
25.492596
53.936737
24.458113
45.207325
58.023838
61.168343
13.120886
40.284515
35.035404
13.020269
18.743336
26.077473
40.075825
38.37743
47.90794
16.76121
19.995638
37.187115
53.978474
69.03773
24.3036
37.19305
29.165493
15.651187
43.272488
21.330288
26.553677
21.961826
43.689217
37.85632
52.238075
55.60217
39.01172
58.47217
36.490063
68.61677
14.132082
47.85155
28.675568
56.799725
29.591242
55.11318
26.858173
44.26684
23.55243
13.972659
47.360004
39.63695
69.22576
31.206722
62.884098
68.28359
35.445557
55.44003
12.797782
50.251476
23.191267
39.10308
50.275883
27.90181
60.581234
12.2491865
43.873966
43.690403
66.98931
38.60916
24.202257
12.703526
12.518518
40.183586
47.506706
47.25152
43.711956
31.767128
14.3451605
40.855183
36.997387
59.455082
53.928886
38.546482
39.19611
11.292414
29.042934
43.972828
48.907204
41.760124
25.72568
46.970844
28.427387
26.874939
13.91868
31.182283
31.847572
35.504868
42.13641
47.032806
15.848873
27.477697
59.23687
54.34408
52.919884
28.61129
24.704723
13.228998
12.80732
12.578859
65.12736
47.864475
54.012577
37.789974
41.354607
26.734932
25.327236
39.906773
48.493168
12.805612
48.640537
12.762103
36.69598
39.534515
37.955524
37.703197
61.73833
45.52844
12.143533
46.640835
23.516804
39.148983
57.58443
49.46208
25.140736
26.106777
49.73332
38.28132
36.911327
35.540855
57.014523
54.270863
26.598293
39.15369
51.769806
42.784374
48.498577
68.92997
52.625565
12.722441
56.788357
28.751738
49.648056
35.850143
23.659647
46.670296
32.26121
64.777214
23.698685
27.190813
54.571064
36.940556
66.84063
36.201015
27.086998
35.810627
27.325888
24.893963
53.24799
29.267769
30.52916
19.047176
43.028454
24.196207
58.34219
69.05163
48.81467
38.84239
82.731125
53.117794
50.837772
57.564846
41.55038
43.841835
44.892475
29.883331
25.613247
46.585888
38.04118
39.568676
36.20747
37.561157
41.44038
33.00726
39.160435
44.65836
28.56175
64.168846
27.865164
21.575474
43.596317
26.775574
48.530163
28.385933
29.987894
88.00152
57.328407
25.219471
37.963924
12.989693
65.09064
61.19766
32.12857
45.10476
66.06253
32.07564
80.25779
46.0701
36.641933
37.807133
12.607748
35.750935
62.77711
56.223183
42.123074
39.94498
40.074642
39.93664
27.602314
13.300187
23.812847
32.04131
51.917645
69.08598
12.819183
38.82658
22.288088
49.867435
46.176006
37.219658
34.693043
34.170925
46.80116
42.464245
50.646698
54.956905
47.240044
44.840702
38.315735
26.298948
28.765339
24.386858
85.32145
42.2055
43.345585
41.074577
23.904488
44.182575
83.253944
39.834007
35.820892
23.759552
14.467354
66.75862
63.148968
47.19872
53.35417
46.63664
26.75074
56.43558
39.86686
40.244267
30.185055
48.946503
17.89728
57.724693
35.49831
53.37595
38.235474
73.99439
38.980583
54.186363
39.318974
25.965576
47.48276
55.999416
27.807753
23.767939
38.91974
47.380695
38.258194
43.87174
45.060604
24.058693
70.17423
40.137676
43.250874
42.430584
57.388454
81.143776
13.047131
31.341282
43.352634
29.922375
42.23224
46.859943
57.247196
47.19164
40.17346
25.493906
10.239201
40.325466
35.515095
26.53177
32.572094
13.081041
47.693974
38.032436
15.344321
12.275373
44.384247
14.839937
44.859467
47.987457
68.58826
51.940548
48.21478
32.2709
37.47983
35.0072
26.505165
46.52929
39.68279
27.937824
63.207287
30.623951
22.672987
37.74944
71.34002
42.174385
13.463169
22.218052
28.299057
68.37973
12.787825
69.73568
52.31352
20.356949
50.42632
29.191051
47.43741
44.61626
60.321236
34.833004
51.49632
67.05854
30.58257
38.389698
45.074326
12.970617
23.52563
32.768105
26.207607
54.514847
30.699986
12.801905
47.191853
59.09302
63.128986
35.422474
74.03417
37.58535
28.525124
27.878693
52.15192
69.67331
25.606316
65.120415
31.246014
30.634533
37.681515
34.74825
53.546497
13.9761715
47.192345
44.115643
27.357002
35.792145
40.149265
48.694763
21.877384
33.31265
12.847005
37.594944
27.960094
41.390266
14.564186
69.040886
30.124369
79.97056
39.84125
24.190407
24.95427
36.156536
64.033676
52.915413
41.301785
59.769726
39.29523
11.421288
74.932724
15.979557
25.555424
34.724102
58.767345
53.639793
12.884477
52.400288
45.234913
31.876408
40.256012
36.41315
13.019638
38.11266
51.823868
51.47085
26.245258
39.19823
31.79182
13.019422
40.33959
36.29038
25.677296
28.920652
37.042248
17.23687
48.862415
19.478691
36.33446
36.75024
53.48997
42.52612
20.77956
13.35355
46.876137
54.96802
14.574236
63.815434
37.13412
44.833443
27.701069
32.89976
37.195183
68.55308
36.40855
72.59959
39.720345
16.614214
36.598988
50.327938
74.321655
40.190155
33.061874
30.618261
43.8732
22.367414
46.863743
13.109786
39.84804
13.332888
23.68334
44.27794
37.095913
37.029007
27.262697
58.510548
63.14598
67.22636
48.515736
72.587944
36.888004
12.876254
24.277159
47.740566
36.352615
25.761478
33.533722
69.58009
13.961386
26.272213
13.014897
25.38865
49.56305
47.291492
47.368847
57.493347
31.01068
17.762798
28.57191
13.140577
23.324272
67.464874
60.897984
48.008823
16.762522
47.658085
27.325296
28.77517
41.25948
29.645401
12.590751
64.4438
28.867428
24.389652
29.983906
27.839773
48.170856
39.76492
58.68426
38.55091
36.485416
37.63697
45.938152
36.946873
46.343502
65.332214
39.655724
12.745102
32.48818
27.109825
37.481213
60.415043
50.908226
24.32878
30.668776
62.268635
38.93442
43.746845
24.55534
32.243244
35.558575
37.098965
38.16294
24.215397
43.69543
66.58224
34.409184
40.534504
17.272005
32.119736
55.30138
69.47798
13.283485
34.457874
39.106895
69.11974
67.013565
39.84257
23.975285
61.782284
36.73163
59.99475
49.411564
38.89682
59.58662
38.237953
31.786331
64.933266
61.908817
60.589886
43.06406
52.138588
28.04551
27.081223
29.315037
39.431263
44.262894
12.821972
23.593699
14.73994
35.679237
67.001945
41.002224
57.79346
23.698975
44.902294
35.81593
55.23213
39.039425
43.99759
62.08108
32.907986
24.851898
12.827958
25.479362
22.920406
12.797298
40.58427
25.13153
13.05008
48.909935
46.592533
26.103401
25.049467
63.55546
28.201992
52.727577
59.274227
23.631784
24.573734
27.793493
48.652824
49.860165
37.44212
71.77205
22.329147
37.16305
12.945343
42.529797
61.17457
50.66577
12.762779
26.35854
18.084671
45.231007
17.75505
12.507474
26.347826
41.59483
60.9484
46.51743
37.939785
16.501476
65.638176
42.824177
25.63036
24.257206
42.543224
65.108665
45.63419
12.977516
40.83177
13.090162
21.65126
54.61514
71.74157
30.911797
27.187374
27.47871
47.938126
52.240788
39.931232
27.160114
51.384342
54.39162
62.280666
32.702606
30.34563
37.84109
38.915127
88.10316
65.296394
37.927265
45.263752
64.821045
51.168056
72.771965
63.545082
39.191772
53.186832
25.692883
42.91596
25.295675
27.102583
35.959522
33.058918
64.23736
29.2233
59.33311
39.705074
26.934837
50.45091
12.828423
12.946259
66.96523
13.016609
48.65328
18.811441
13.307374
59.42235
43.79916
34.03954
41.926067
54.897537
46.19106
38.919636
18.986897
38.923244
46.534504
39.217144
48.114227
12.9683695
26.933138
39.0988
30.93392
36.066673
61.03283
43.880558
57.484425
32.73585
62.912186
39.083553
44.88152
35.194996
33.553116
44.272366
35.362186
43.794365
16.72548
34.93552
38.95496
24.091042
64.92365
12.694023
32.88032
35.55815
49.1813
39.028633
54.11359
26.198809
36.150494
48.28668
37.38154
27.271774
43.069603
24.328518
85.02909
44.464855
44.198074
12.861669
38.536213
34.46269
45.508366
51.67133
38.682568
63.787872
66.4589
32.774708
47.853832
59.671974
12.482111
29.119831
32.498146
25.89738
34.89082
64.33306
35.414066
47.68954
39.65505
26.81909
18.172482
13.045334
27.677917
38.965427
35.131573
12.942514
51.231792
17.57353
60.356457
58.364643
28.113863
38.941624
12.866909
31.11602
12.918458
21.358015
25.133415
45.44646
28.471224
13.25008
47.042477
62.746708
72.85099
42.701633
32.742306
48.320843
34.053104
25.998415
29.153225
26.129606
67.24731
12.994268
31.627094
45.914642
23.947128
56.796528
31.304792
41.198727
47.93681
48.011185
34.21861
57.846226
35.48655
31.338436
30.677395
37.259205
21.817223
44.389088
12.724211
26.394056
37.581333
41.821583
35.16917
32.633003
58.32217
67.39585
35.5562
51.89559
65.75296
47.970417
39.744507
50.855495
34.06781
35.83404
67.96605
39.47662
16.134184
59.824524
38.981983
38.43891
23.844688
46.38429
54.579365
36.715374
81.67744
13.287508
29.872066
69.60719
12.967941
37.320072
13.221259
29.58474
32.716927
28.556889
19.303131
12.811414
49.31639
22.809134
44.86979
37.46287
55.360615
27.078608
31.035542
38.850414
37.00971
85.00838
61.828403
39.666103
13.149529
52.651165
23.28006
34.95004
54.62969
49.505283
38.02771
67.5481
26.91739
39.89654
24.326828
24.94841
34.561592
38.98823
64.46702
27.122822
12.863808
43.275707
59.997852
28.731785
67.50388
59.46192
43.51598
65.01905
19.71428
47.038616
56.826157
39.250546
47.513107
70.35669
52.18041
30.342106
66.149666
26.418772
27.091042
38.867924
50.62828
17.274502
23.265572
31.704704
52.597485
63.376442
27.4716
46.870262
44.50033
12.858237
37.366535
50.998253
42.649235
29.286398
31.437761
35.24572
12.429387
57.33491
38.55694
23.614487
34.879723
42.218887
13.0007
9.922785
59.854897
50.00442
25.134274
41.56054
45.452404
45.8323
13.294577
29.709732
68.42271
36.303867
34.686314
69.31785
42.179607
24.226992
39.210636
60.909573
48.147236
39.19888
32.61951
62.008144
39.96768
29.340933
31.638477
46.08414
68.80265
63.13168
39.00828
28.430882
66.91425
12.196101
12.032795
14.257253
12.9362545
26.176512
46.847576
38.559666
13.011568
40.329388
62.578747
12.804686
23.283962
26.619951
17.827688
12.752637
14.641949
47.94125
25.513132
49.31306
14.097708
36.400692
13.20616
16.36122
29.23115
13.144067
25.001434
15.72579
64.47196
57.92548
46.91415
16.133877
32.96449
45.552685
67.138626
58.252884
29.602406
38.357197
34.685677
24.087591
34.533607
42.333004
42.218304
37.654392
13.267153
38.574688
33.56565
25.68088
39.846386
51.495872
16.979053
37.59849
19.154802
45.73821
12.756176
25.24377
55.61131
59.73538
13.150677
40.03133
35.88464
34.35729
25.560392
13.315996
49.194313
12.691927
32.732418
66.06991
54.515144
53.21416
64.34906
27.556343
25.078606
46.862995
30.109615
32.120846
12.800567
68.4782
44.125206
31.76165
67.18428
24.971256
51.998035
10.33279
48.887447
67.85006
61.735447
43.264427
64.717094
84.63232
26.485489
47.03027
38.606556
49.22997
29.751987
58.03683
49.65025
60.604897
54.68802
66.018684
34.142616
40.188904
34.972183
53.48763
48.26814
46.781914
13.438052
48.959908
27.598852
31.875198
45.990017
12.962687
90.323166
53.850784
43.896816
41.34463
47.26469
37.238262
39.160717
39.46807
30.71731
46.280216
35.05617
29.11845
40.833576
55.759884
42.29427
33.37009
30.994999
35.2344
35.949047
48.18592
31.940748
39.210575
51.646015
29.290968
29.488087
30.667599
39.87486
55.372807
27.917185
63.850918
55.201214
12.903456
53.36158
65.64893
36.519276
55.114178
28.557636
12.879954
72.795296
37.989006
23.875393
55.423206
24.005348
36.40366
51.051033
67.81179
59.379295
12.593229
65.21165
33.636486
52.777493
67.63015
20.664667
38.803574
63.04527
31.479492
38.263195
27.299738
22.864086
82.52796
25.52812
34.63422
24.092884
64.17034
67.898964
22.94562
25.068949
47.435833
28.770853
32.18796
20.352901
34.35375
33.09873
53.306423
26.560623
30.129322
25.102613
15.708321
74.99566
43.65807
27.458105
39.579494
57.22019
23.246862
38.01811
50.844776
66.35754
37.11469
30.751469
69.69074
49.34753
41.286274
56.53899
26.81626
33.399296
26.321909
47.3045
54.575497
17.010006
30.080223
46.48088
21.89856
43.22851
62.773914
62.091118
38.70393
54.85017
36.475323
39.854237
52.51209
53.0234
49.29333
16.354109
39.899387
12.685751
30.624628
62.51541
39.103237
24.060997
18.321877
39.764553
28.980556
30.209373
38.535995
61.53625
39.132095
47.541473
41.73676
36.455116
38.951572
73.267044
43.340145
24.217062
53.281036
34.202778
69.33506
30.748411
65.3382
39.0824
36.89415
43.128216
43.619495
31.896072
57.609684
25.920816
12.910881
15.252669
22.90316
33.817154
39.388546
22.825035
54.50599
39.629887
12.70281
28.911808
27.82566
13.792971
47.213924
32.25497
43.702282
12.786549
41.378475
62.801334
48.150345
39.18916
14.46586
28.404533
31.988272
22.325516
37.47974
53.518566
13.247251
62.4926
19.772875
37.720566
24.705608
66.4736
68.849915
42.0573
54.231594
60.211784
50.271694
36.310642
26.053278
22.482769
58.269276
41.00591
31.038065
68.14152
32.750263
35.147083
46.287594
51.58654
40.009953
34.982327
47.46172
36.126415
27.135166
36.82549
44.742218
27.8322
24.49458
63.400333
21.194164
52.032104
37.90079
41.347786
40.710957
57.4782
37.016174
24.277859
42.965553
39.583958
35.925686
36.318295
64.546974
25.172432
12.538931
44.81177
55.696404
60.733727
37.896927
15.913607
14.484907
54.502815
39.623844
12.978843
50.52075
40.1878
37.90253
49.95158
43.171062
45.161434
25.282837
57.09319
38.093575
29.29411
45.067917
12.183563
32.115894
27.892914
40.062172
33.178616
12.792656
45.34322
14.58164
30.306465
26.508701
57.572514
24.442589
45.480095
33.66001
58.57181
27.413074
42.293896
18.301151
78.44613
39.9752
12.828424
12.874556
57.611374
47.71546
64.37638
31.159561
34.873898
66.12617
13.554086
74.65409
13.383751
46.62292
25.2925
34.489357
50.002758
27.314
39.557304
39.217304
42.234203
37.984528
27.401829
30.732338
13.006952
56.48103
36.364826
49.85835
33.24021
39.81551
24.006765
12.816354
41.29438
40.94813
48.704052
48.36172
58.432774
44.719578
64.87786
18.851032
34.051563
43.27389
36.81518
24.066303
23.559967
39.343784
60.18588
52.93887
47.745693
34.935413
38.177376
67.23267
35.63871
20.859543
54.305008
23.439106
39.07235
33.449757
56.980846
29.92456
43.562576
56.128162
30.328457
39.491924
40.81174
21.272083
48.100643
29.143433
53.938465
44.587543
39.12482
60.812336
53.015373
32.63183
12.801823
31.293545
13.027394
48.47005
12.619442
33.054455
33.165638
34.93754
65.48922
37.54964
67.73272
45.193798
80.61173
36.424366
44.691456
14.173086
12.915607
13.329231
25.258274
33.85158
27.31365
68.268036
32.749645
79.70212
38.25386
32.11848
36.846565
36.98999
27.21041
38.397045
19.067682
42.219288
48.42875
30.908047
41.07136
30.030159
56.58443
31.675531
32.77608
25.046146
36.18252
38.78898
38.942425
58.90957
46.76286
37.643692
48.998608
40.661053
36.097973
12.706578
71.616844
56.47052
31.716105
37.62575
26.192217
41.15652
66.62031
23.960703
42.29019
29.013779
17.37735
13.970415
30.60463
18.896976
28.713161
37.477985
42.55514
23.586853
34.879192
30.484512
56.23585
23.948748
34.279804
19.942335
50.530636
64.00579
29.959232
66.78413
29.82523
31.610584
70.72976
43.295223
39.094166
41.50739
56.642662
34.855736
40.939465
38.899315
49.88766
44.449337
16.820498
69.78446
34.621044
53.68121
39.130283
13.433781
12.819762
27.568394
43.434734
38.870487
25.617195
62.770428
75.28796
38.405308
26.547646
61.77721
44.425976
47.805744
40.648624
43.2731
23.556602
28.053543
36.740467
43.04645
42.163174
23.045826
25.469475
27.40216
41.8315
39.20818
42.420147
47.603306
33.729023
34.705986
88.16533
38.980602
36.218822
12.778978
33.65089
48.87103
59.591038
12.966061
64.53039
33.665554
44.71741
20.66532
63.178802
30.150507
31.594433
24.057404
45.440426
31.111246
45.296474
45.176426
21.751049
46.528793
73.93423
26.306068
70.518394
46.135296
24.777119
41.20599
62.171677
28.600266
25.58269
15.813719
22.032038
28.561872
34.856907
25.550526
50.17921
22.711208
50.072144
46.742725
24.265627
40.689095
24.858416
41.55003
48.240307
38.335934
51.69437
43.06932
41.040154
36.168564
34.744694
12.429298
65.69654
49.786644
56.422318
26.459
45.20168
36.668667
28.3354
34.768208
47.84878
38.267357
47.903713
25.53096
57.499504
28.371183
56.338356
66.14734
34.184383
13.1937275
26.114521
47.18624
56.798374
53.163708
52.71392
12.899281
59.46562
40.47015
33.80191
57.132298
45.335102
60.637928
68.24998
51.101696
86.742134
55.291306
42.746098
68.38108
80.7882
42.78326
41.22369
34.71385
38.933975
31.83768
49.26029
70.6417
33.287457
50.375103
27.167334
21.367504
39.393826
47.077206
38.92251
43.435333
20.472626
42.211052
42.77995
25.79903
47.690628
19.446594
43.605545
54.337402
43.08923
56.549908
65.89541
35.98985
25.330194
24.214035
41.79565
35.81166
69.6783
15.33425
26.942402
26.933424
23.256073
19.336906
41.033043
33.45292
39.741817
60.194576
28.417515
23.303688
34.25929
48.28079
41.994503
32.99196
71.75551
32.5348
28.855099
20.65358
40.601254
11.612563
67.92478
34.37097
12.900361
39.215305
70.89189
28.988623
40.210773
25.111488
15.27673
34.561657
68.98875
48.003254
23.640476
51.603687
38.948254
10.695095
45.065002
17.666641
63.63442
56.720135
45.2749
61.283894
39.470535
43.282852
42.43964
25.63615
23.95179
50.767155
26.046082
39.382347
21.58102
37.641613
39.68214
56.682568
49.679832
53.925144
12.132376
39.473362
37.245842
63.303967
27.383469
32.201942
32.474358
40.31003
30.79837
27.341034
75.64417
60.22138
33.370613
17.700195
41.063328
32.842693
48.1962
26.226833
26.821993
24.063612
60.993008
46.931698
44.30579
46.571655
37.985134
27.498816
63.653584
40.891026
26.068916
14.970131
12.346752
14.886261
80.08328
49.60391
13.606414
65.743004
39.32438
67.97026
12.850529
62.05405
58.42523
35.480442
14.896817
40.000874
32.13187
31.642672
25.834713
13.146216
63.13205
61.207455
34.15021
41.936245
29.49543
37.201656
28.365873
28.192753
46.408
65.49668
38.549343
24.159546
42.77095
55.165493
38.565357
41.84613
47.846943
48.455364
52.197155
63.392483
31.574518
46.185757
46.67347
34.305546
12.991716
55.359962
44.126728
24.808529
15.282712
47.141724
65.65813
28.524837
40.24112
13.828006
64.560356
50.30086
20.218306
12.570142
71.455986
41.64329
34.717834
42.778038
29.085049
46.585327
50.746693
25.660463
66.86497
40.42152
49.837723
23.727367
50.818233
57.11694
54.852047
26.04254
54.82478
44.833908
16.360426
49.56443
29.361963
38.84137
62.2635
28.092272
39.194218
39.249477
38.911175
36.5622
31.54021
25.165295
39.508453
42.22387
42.97659
47.94166
22.880146
19.543291
39.88802
23.239065
44.29347
42.66521
38.224777
60.96182
23.913965
34.021717
27.385725
23.988989
39.435925
15.231142
49.59528
47.17562
29.258995
45.58306
51.335854
37.573376
32.705288
25.58636
34.999058
73.626656
13.338392
42.704823
39.216225
23.283936
34.100872
32.274353
23.122557
46.26189
39.621838
44.592194
40.23632
24.883663
36.27434
12.232456
44.214268
22.507618
47.46153
35.130527
33.51614
51.66276
37.86297
47.031986
38.91357
68.55771
23.895147
23.533611
37.372334
61.136684
68.54243
47.598843
19.433506
42.205925
33.381504
24.531015
41.513325
47.59759
26.89687
50.09612
67.07011
29.735548
38.686764
25.331884
50.200344
26.591318
20.440254
35.82939
64.20472
58.7541
24.833778
61.594654
24.1735
12.819137
23.974789
43.69813
48.2739
47.516735
29.162111
47.725437
57.48877
36.702106
29.942162
41.274426
54.83406
33.253727
41.58797
82.023506
63.91308
23.555698
55.46211
29.232805
33.0379
32.282368
72.36288
28.290916
21.079403
28.567253
26.389141
35.17806
12.424412
38.640244
38.946186
67.95789
12.794195
62.901897
30.212254
58.04735
12.968905
59.62324
63.86487
19.955357
14.353788
71.84196
26.629013
39.67912
25.318478
53.82592
65.67202
39.497627
27.563927
60.47613
24.661186
24.095993
39.8875
31.383074
12.350098
17.179186
38.824642
63.09947
40.376225
51.08098
17.039001
43.845547
35.678326
50.132847
38.525898
56.78729
12.863434
48.859413
49.229877
22.315321
63.647144
47.950077
33.9112
69.15419
31.891367
13.510026
85.25321
42.006016
26.981087
81.4658
50.055958
57.5994
39.671703
36.35478
13.37742
16.860138
39.328045
24.644892
25.669567
37.7879
37.112183
24.05987
39.778908
38.254253
65.3863
67.630745
31.949997
35.238197
15.331026
47.452686
31.676497
37.279293
51.740032
32.46951
43.125183
40.54812
30.47189
23.955797
40.458645
62.716206
54.33109
68.02359
41.033512
17.977772
48.265446
23.457935
55.38548
19.873932
40.05934
70.471855
46.052452
38.2683
49.157917
70.29694
25.322573
50.432255
37.83281
55.181347
52.105556
27.606129
60.2069
64.02437
45.810753
36.01607
25.073338
